23 1 0 1
1 2 10
1 3 10
1 4 10
1 5 7
1 6 3
1 7 4
1 8 1
1 9 9
1 10 3
1 11 3
1 12 4
1 13 10
1 14 1
1 15 1
1 16 5
1 17 3
1 18 6
1 19 4
1 20 1
1 21 2
1 22 1
1 23 1
2 1 9
2 3 8
2 4 1
2 5 10
2 6 6
2 7 4
2 8 4
2 9 5
2 10 5
2 11 5
2 12 8
2 13 7
2 14 3
2 15 2
2 16 7
2 17 5
2 18 4
2 19 9
2 20 6
2 21 8
2 22 5
2 23 2
3 1 2
3 2 7
3 4 5
3 5 10
3 6 9
3 7 7
3 8 3
3 9 3
3 10 7
3 11 5
3 12 10
3 13 4
3 14 8
3 15 1
3 16 6
3 17 6
3 18 10
3 19 4
3 20 9
3 21 5
3 22 2
3 23 10
4 1 3
4 2 9
4 3 9
4 5 5
4 6 6
4 7 8
4 8 5
4 9 5
4 10 7
4 11 2
4 12 9
4 13 4
4 14 3
4 15 10
4 16 6
4 17 6
4 18 2
4 19 4
4 20 6
4 21 1
4 22 4
4 23 1
5 1 9
5 2 6
5 3 9
5 4 1
5 6 7
5 7 4
5 8 10
5 9 5
5 10 3
5 11 5
5 12 1
5 13 4
5 14 7
5 15 2
5 16 6
5 17 10
5 18 4
5 19 3
5 20 1
5 21 4
5 22 9
5 23 10
6 1 9
6 2 9
6 3 9
6 4 3
6 5 5
6 7 4
6 8 1
6 9 5
6 10 7
6 11 9
6 12 5
6 13 10
6 14 5
6 15 7
6 16 4
6 17 8
6 18 6
6 19 1
6 20 9
6 21 6
6 22 5
6 23 4
7 1 9
7 2 1
7 3 2
7 4 3
7 5 3
7 6 3
7 8 7
7 9 3
7 10 9
7 11 2
7 12 5
7 13 6
7 14 2
7 15 3
7 16 4
7 17 7
7 18 9
7 19 8
7 20 5
7 21 7
7 22 10
7 23 3
8 1 1
8 2 7
8 3 3
8 4 8
8 5 7
8 6 6
8 7 10
8 9 6
8 10 2
8 11 7
8 12 5
8 13 3
8 14 5
8 15 2
8 16 9
8 17 9
8 18 3
8 19 8
8 20 10
8 21 1
8 22 2
8 23 5
9 1 7
9 2 1
9 3 8
9 4 5
9 5 2
9 6 4
9 7 8
9 8 9
9 10 7
9 11 1
9 12 5
9 13 4
9 14 5
9 15 8
9 16 3
9 17 2
9 18 8
9 19 1
9 20 2
9 21 2
9 22 10
9 23 10
10 1 5
10 2 3
10 3 3
10 4 2
10 5 1
10 6 1
10 7 8
10 8 8
10 9 4
10 11 9
10 12 8
10 13 7
10 14 6
10 15 4
10 16 9
10 17 2
10 18 7
10 19 10
10 20 4
10 21 3
10 22 8
10 23 9
11 1 2
11 2 6
11 3 9
11 4 7
11 5 1
11 6 9
11 7 9
11 8 10
11 9 1
11 10 1
11 12 10
11 13 10
11 14 5
11 15 3
11 16 7
11 17 2
11 18 10
11 19 8
11 20 7
11 21 1
11 22 3
11 23 2
12 1 4
12 2 5
12 3 3
12 4 8
12 5 2
12 6 2
12 7 10
12 8 2
12 9 7
12 10 6
12 11 2
12 13 2
12 14 5
12 15 10
12 16 7
12 17 9
12 18 4
12 19 9
12 20 3
12 21 5
12 22 1
12 23 10
13 1 4
13 2 9
13 3 10
13 4 3
13 5 4
13 6 4
13 7 3
13 8 7
13 9 1
13 10 5
13 11 2
13 12 9
13 14 4
13 15 2
13 16 2
13 17 8
13 18 6
13 19 4
13 20 3
13 21 3
13 22 5
13 23 1
14 1 1
14 2 2
14 3 9
14 4 10
14 5 2
14 6 5
14 7 9
14 8 3
14 9 10
14 10 6
14 11 10
14 12 6
14 13 6
14 15 3
14 16 1
14 17 9
14 18 1
14 19 4
14 20 3
14 21 3
14 22 2
14 23 6
15 1 7
15 2 1
15 3 5
15 4 8
15 5 1
15 6 8
15 7 4
15 8 5
15 9 7
15 10 3
15 11 3
15 12 2
15 13 3
15 14 5
15 16 5
15 17 7
15 18 1
15 19 9
15 20 3
15 21 2
15 22 6
15 23 9
16 1 9
16 2 9
16 3 3
16 4 2
16 5 4
16 6 5
16 7 2
16 8 1
16 9 5
16 10 9
16 11 1
16 12 6
16 13 4
16 14 7
16 15 10
16 17 9
16 18 1
16 19 1
16 20 8
16 21 2
16 22 4
16 23 3
17 1 2
17 2 4
17 3 10
17 4 2
17 5 3
17 6 1
17 7 1
17 8 6
17 9 1
17 10 1
17 11 7
17 12 6
17 13 2
17 14 1
17 15 4
17 16 3
17 18 10
17 19 5
17 20 9
17 21 10
17 22 10
17 23 8
18 1 4
18 2 3
18 3 9
18 4 7
18 5 8
18 6 8
18 7 8
18 8 4
18 9 6
18 10 6
18 11 4
18 12 8
18 13 3
18 14 10
18 15 4
18 16 4
18 17 4
18 19 3
18 20 4
18 21 5
18 22 1
18 23 7
19 1 8
19 2 9
19 3 4
19 4 8
19 5 7
19 6 7
19 7 10
19 8 8
19 9 3
19 10 4
19 11 5
19 12 1
19 13 9
19 14 9
19 15 1
19 16 3
19 17 2
19 18 1
19 20 6
19 21 4
19 22 2
19 23 2
20 1 7
20 2 7
20 3 3
20 4 9
20 5 1
20 6 9
20 7 5
20 8 6
20 9 10
20 10 9
20 11 1
20 12 3
20 13 8
20 14 1
20 15 7
20 16 1
20 17 8
20 18 5
20 19 5
20 21 4
20 22 8
20 23 6
21 1 9
21 2 4
21 3 3
21 4 1
21 5 5
21 6 1
21 7 8
21 8 5
21 9 3
21 10 5
21 11 3
21 12 7
21 13 10
21 14 5
21 15 4
21 16 8
21 17 4
21 18 10
21 19 7
21 20 5
21 22 10
21 23 10
22 1 6
22 2 7
22 3 10
22 4 9
22 5 2
22 6 3
22 7 3
22 8 5
22 9 6
22 10 1
22 11 5
22 12 7
22 13 1
22 14 1
22 15 10
22 16 3
22 17 4
22 18 4
22 19 9
22 20 9
22 21 3
22 23 4
23 1 1
23 2 2
23 3 4
23 4 2
23 5 10
23 6 9
23 7 4
23 8 2
23 9 1
23 10 4
23 11 10
23 12 10
23 13 5
23 14 9
23 15 5
23 16 2
23 17 5
23 18 6
23 19 5
23 20 10
23 21 3
23 22 5




