4000 0 0 1
168 3897 5
997 3456 7
2731 2892 -9
709 2006 -3
504 3065 -2
1448 2345 10
2314 2725 3
1072 1536 3
2172 3315 1
1568 2117 3
2705 3549 -3
46 3769 -9
495 3595 -2
2381 2405 7
624 1265 10
144 2614 -7
1643 2412 3
1119 2412 -9
1477 2874 3
1097 1606 -4
2162 3916 -10
2597 3319 2
233 1272 8
943 3354 9
1874 2466 7
437 2728 4
1466 3166 8
857 1624 1
3468 3548 -6
2733 3853 8
2153 3278 2
95 2735 1
2975 3386 4
425 2381 -9
2818 3439 -8
2239 3732 3
1200 3131 -10
1845 1886 -2
1356 2890 7
957 3144 -1
978 988 -6
599 2618 3
1380 2954 5
2663 3915 8
3260 3905 3
1228 2597 3
209 1157 6
3500 3594 6
1181 3010 -2
1504 1943 -8
1750 3167 5
257 3039 8
651 3195 6
3185 3209 2
1423 1725 7
480 3313 -7
843 3136 9
41 1694 3
375 816 -2
113 1570 -8
56 2756 -1
2 3688 -9
1046 2906 -2
2434 3920 7
2222 3512 -3
104 703 -10
2648 3391 9
1784 3020 2
908 1400 -10
806 3604 7
1957 2719 -5
2163 3053 2
262 996 1
1003 3623 1
196 2628 7
397 2618 10
528 886 1
1608 2013 -2
142 3560 3
1582 2778 9
2124 2832 -2
332 2408 5
1512 2719 1
1815 2491 10
416 3570 -5
371 2107 -7
121 3622 -3
947 1220 -9
133 2693 -7
1072 2154 -9
504 2865 -10
1075 3620 5
182 599 -10
2702 2930 5
1754 1959 10
1528 1616 -10
1903 2725 -3
1932 3951 -4
2123 2499 10
677 1517 -8
384 2167 0
2421 3590 -6
721 2755 -9
1323 1857 -3
526 2516 5
1823 1914 6
1479 3336 7
9 11 -7
91 3756 -6
1197 3623 -9
3110 3290 -2
417 2465 5
897 3856 -6
1100 1475 8
1268 3503 -3
2039 3380 -6
695 3641 -3
344 674 -10
729 3225 -9
1109 2463 -4
744 1776 -8
796 3400 3
433 3348 4
2150 3598 0
104 140 -3
1802 1868 6
1170 2823 -4
1094 2047 3
215 910 -6
48 1965 -6
1780 2752 7
629 3933 0
2413 3190 -7
307 3882 3
1757 3788 1
976 1008 6
1592 3226 -10
1514 3801 7
822 1709 6
1295 2158 6
675 1955 3
1242 1248 0
2240 2336 10
1581 2700 0
257 2610 -7
1738 2354 -8
881 1013 -8
338 1488 9
255 1490 7
2130 2326 3
2022 3052 -9
2185 3982 3
148 344 2
855 960 -6
1827 2288 -5
2331 3807 9
3320 3355 7
1214 2061 -9
2755 3317 10
2521 3150 -4
955 3298 4
235 1925 -7
2081 2814 5
155 3888 7
2665 3279 -8
365 2385 4
1263 1320 2
201 3482 -1
2809 3674 -1
1541 3516 -7
245 2734 6
1852 3112 -5
214 1169 -7
635 1199 0
2725 3451 -8
990 2595 -2
947 1730 6
2349 2642 5
946 1734 4
1936 3641 2
674 2968 5
1049 2091 3
3048 3259 8
345 3961 -7
1326 2894 1
2474 3172 -3
664 745 2
237 3381 -4
2785 3559 -3
2281 3531 8
273 594 -10
2807 2823 6
1141 1572 7
695 3212 -6
3009 3452 -9
3229 3455 -3
3600 3893 -1
583 1924 -1
2609 2700 -6
775 3851 -7
718 1102 -1
809 3435 7
685 925 9
1103 1667 5
84 3674 5
528 3156 7
1113 3846 -10
321 877 4
1211 3600 -8
2383 3821 6
2389 3572 -3
3170 3383 -7
2444 3242 -1
499 2576 -3
1094 1739 -9
2553 3414 -1
2200 3821 6
1468 3606 5
3286 3450 4
449 1708 3
1836 2497 -3
1681 3606 9
1001 1632 -3
881 1752 7
924 2351 -5
131 500 -6
1629 2140 3
510 762 4
1358 2054 7
40 89 7
2598 2941 -9
1116 1474 5
214 2834 -1
2979 3535 6
2399 2960 1
90 849 2
2811 3170 -4
987 2528 2
149 1429 1
362 490 6
1769 3961 -7
3260 3410 3
579 3871 -10
944 3097 10
1385 3971 -7
177 1612 -5
352 2367 -6
861 3705 -9
2363 2377 3
3400 3834 8
182 680 5
808 3586 -5
1133 3117 -6
935 1412 5
232 3655 -4
1068 1941 0
1037 2591 6
1601 2175 -9
491 2603 5
2407 3965 -5
397 3170 1
168 866 -6
54 3999 -1
25 1083 0
646 1430 8
2361 2802 6
169 3491 -8
659 1140 3
2553 2743 -9
2255 3315 -9
3072 3308 -8
1537 2806 3
1138 3474 6
869 3286 -5
1953 3394 -2
633 2255 3
853 2258 8
2434 3438 0
1923 2468 1
1622 2476 5
95 1798 -8
307 1977 -1
1776 1896 -9
3267 3560 5
997 1606 -9
290 990 10
1976 3647 -7
1330 2718 3
1970 2112 -5
2328 3806 -4
2697 3380 -6
2482 3455 -8
3373 3663 2
627 1551 -9
164 1524 -8
592 2725 9
3505 3553 7
3334 3442 -7
595 2915 -3
151 1935 -9
999 3493 3
4 461 -4
212 410 10
3023 3671 -7
303 528 -7
146 810 0
1056 1260 -9
757 2684 10
1709 2313 -5
1722 2023 -4
435 3801 7
1040 3652 -9
985 1501 2
1428 3010 -4
1071 1689 -1
1327 1615 0
1504 3005 5
1230 1682 -5
249 2749 -7
994 3657 3
1895 2072 3
500 3270 -10
758 3565 -8
529 1756 7
1059 2739 7
314 2585 -4
658 2166 6
1690 3545 -2
1282 2259 -7
1580 1687 10
1903 2606 -9
3632 3913 3
1808 3537 6
1101 1689 1
655 1114 -5
283 3686 9
2862 2948 0
1568 3784 9
255 2163 -9
3232 3915 7
816 2873 1
136 3114 1
1621 3795 -4
1426 3556 8
338 2282 -4
455 2867 9
2938 3064 5
2819 3638 3
1525 2222 2
2454 2722 -8
2108 2314 1
1067 2347 -5
2376 3297 -9
1996 3830 2
1007 3730 1
436 494 4
1981 3441 -8
2077 3903 9
2980 3182 -6
1517 3980 0
574 1138 -7
222 2901 -9
3 3766 1
1173 1403 5
1486 1634 -4
225 2418 3
1129 3053 5
1416 2329 -10
1307 3325 2
2995 3840 -9
975 2586 -3
1059 3223 0
2347 2838 7
243 2142 -2
234 373 -6
510 3166 -4
3467 3771 2
1078 3623 -4
498 2782 2
2770 2796 7
227 1272 -7
37 3363 -3
937 3125 -9
2213 3144 10
253 1675 3
481 3488 1
37 2545 -9
2268 2787 -5
3364 3427 -6
418 436 -8
3515 3825 -3
621 1024 9
631 1483 -4
120 3482 -2
94 2032 -7
223 3903 10
216 2961 2
405 1436 2
24 1973 2
134 384 3
31 700 6
1383 2249 -5
464 2016 -1
1233 3244 -3
38 3305 0
2576 2795 -1
1261 3986 -4
2116 2285 9
1404 2079 -10
298 3380 -7
2127 3871 -2
644 3788 -2
1784 2714 -2
1128 3578 -5
3695 3769 0
121 980 6
614 2310 -1
2075 2405 4
2048 3699 3
1259 2721 3
1463 1733 -5
2605 3738 -2
1913 2693 -5
3114 3615 10
1510 2488 1
2167 3512 -3
660 857 10
2007 3294 10
362 1163 2
90 475 8
1793 2547 -5
1046 1795 -2
1350 2206 10
949 1862 1
651 3373 -8
931 1212 4
1906 3713 -2
3743 3799 -5
2464 3223 2
2 2819 9
179 237 6
1328 2955 -3
1749 1965 -5
2461 2659 -10
3009 3696 -1
650 1993 8
1408 2803 -1
1594 1798 -8
909 3910 1
531 3964 7
3124 3390 4
968 1457 3
622 820 1
678 3344 6
777 1108 -9
919 3443 -8
3 438 -5
1618 2626 0
2903 2990 -5
2835 3758 -3
3143 3645 0
1384 1412 -4
2103 3314 -7
1413 2638 -6
43 1907 -3
2424 2911 -9
2005 3193 9
511 3180 -4
349 2135 10
2315 3089 -4
685 3747 9
878 1432 -1
1813 3373 1
896 3930 10
502 2313 10
1357 2864 -5
3153 3407 -6
156 3891 8
2071 2850 4
86 570 -3
282 2431 9
1904 3612 4
2589 3486 -10
1455 3291 10
1737 2223 2
1957 3394 2
785 958 8
2304 3438 -4
1863 3732 1
3033 3318 5
3230 3374 1
559 2308 3
93 586 9
1420 1590 5
2151 2334 -8
3376 3842 -2
2531 2555 7
229 1386 8
626 2483 2
2610 2619 10
3742 3936 10
2589 3728 0
2262 3333 3
240 461 3
632 3725 -6
1593 3174 -8
1218 3068 -9
2273 2704 -3
593 3245 -5
791 2671 4
2427 3521 -7
1274 3350 -7
909 2663 1
498 2863 5
2060 3993 1
377 587 -10
397 2259 4
1441 2709 -10
2426 2515 9
335 3744 0
507 3033 2
1169 1957 3
756 1559 4
267 3317 0
881 2722 9
224 2452 -5
1094 1783 -6
910 1208 -2
299 3040 -10
99 2686 5
1366 3181 -3
571 2681 2
1904 3988 9
1006 2609 0
795 3328 -3
2949 3350 -1
2415 3645 -3
1556 3655 9
2755 3750 -1
1034 2792 9
1077 1213 5
2000 3588 9
1692 3206 1
748 1159 9
519 1299 -1
1528 3485 2
413 1583 -2
2714 3052 -8
2516 2542 2
2548 3514 -4
1273 3609 -2
640 3696 9
3523 3864 10
70 2119 -4
1258 1759 9
42 3454 2
1007 1625 0
1860 3032 -10
77 442 9
1075 1530 -3
765 2765 -3
825 830 -8
1353 3201 -5
23 2128 4
2008 3132 8
483 3052 -6
94 3765 -1
376 482 -5
866 1248 8
1925 3484 -1
805 1238 3
1975 2847 -3
1058 1189 1
2618 2953 8
641 2298 1
2585 2776 1
2029 3312 2
262 3470 3
2574 2617 -6
1426 2753 2
1056 3745 -8
1047 1939 2
2855 3539 -8
2191 2327 2
2046 3895 1
1141 3523 -3
1261 3625 7
399 3071 5
1125 3700 -5
540 566 8
2057 3680 -6
159 1140 -10
692 3818 8
1320 3158 10
1203 2344 -9
1032 2462 1
1988 2799 -1
2146 2153 2
162 1788 5
994 1123 8
705 1020 -2
897 1190 -1
2400 3911 -6
35 2622 6
36 3261 -7
2579 3095 8
210 933 9
149 2909 -9
830 1321 10
2855 3673 2
2478 3686 -6
2116 2287 9
1553 3867 2
780 911 7
3273 3368 -8
110 1345 -4
2854 3155 -10
863 3834 2
40 1811 0
1500 1910 -10
51 2872 10
1367 2549 -10
2247 3093 3
378 2974 -3
1845 2295 -3
1046 2615 3
1548 3994 2
428 3734 -4
2078 3994 -2
3410 3615 2
1675 3991 -7
2265 2773 10
1141 1805 3
31 2233 -7
1325 1397 6
3303 3903 0
1954 2588 5
503 2457 1
57 2636 -4
698 2669 5
675 3853 -10
3171 3346 0
617 650 -9
732 1354 -8
1090 2267 4
1494 2845 2
1108 2809 1
2245 2255 3
1688 2566 -6
1729 2375 3
2823 3400 -3
889 2627 -9
2952 3285 9
858 3048 5
1154 1878 -9
1682 2034 0
3296 3354 3
941 952 -10
1469 3323 5
2995 3776 -5
295 2763 3
613 3338 3
2170 3141 10
1755 2862 -7
1930 3388 -8
2523 3902 -6
1330 2346 7
975 2643 7
272 2937 0
2271 3839 -2
1959 2032 10
49 384 1
1296 3637 -7
657 3421 -1
1350 1887 -10
173 1093 -6
2029 2441 -2
1463 3750 -7
360 919 10
2173 2863 5
3561 3877 -2
533 847 -5
65 2728 10
2513 3722 -4
257 2898 7
219 2148 -9
954 1779 1
1685 3984 1
2192 3034 -3
273 3552 -5
3325 3492 6
344 3203 0
1018 3642 -8
1259 2536 5
2380 3435 -9
1752 3637 2
637 1735 8
246 2079 10
2130 2277 2
1793 3409 1
3804 3877 -3
146 451 0
1651 2242 -1
1458 2867 -1
613 2546 7
1892 2341 0
1346 2545 3
3772 3780 0
372 390 -10
580 3537 -4
3336 3893 7
1034 1263 5
1999 3635 -3
2358 2750 8
1764 3997 10
225 2033 9
1598 2244 7
326 624 0
561 3150 8
411 1634 1
2540 3814 -7
279 3437 10
812 3900 -10
1273 2309 -3
2625 3400 0
1314 1559 -10
2764 3451 2
1900 3346 3
1996 3808 -9
1850 3525 8
1036 2783 -10
124 3684 -10
975 3261 10
1441 4000 -2
571 3851 -8
3334 3688 -8
272 2737 10
1189 3900 -10
2408 3873 8
3483 3673 -7
3084 3927 4
1007 3371 9
2400 2477 5
745 3105 -3
2496 2939 10
87 1415 -4
1836 3832 4
2488 3529 5
1911 2959 -7
3467 3520 -5
1834 3907 -9
3205 3520 -10
1001 1691 3
560 3675 -6
672 2455 3
73 1601 -6
1974 3429 -4
2588 3817 10
2008 3013 2
1211 3901 -8
810 3328 -3
571 831 8
1956 2328 4
1049 3344 4
861 1307 -6
1881 2154 -6
100 2643 -9
2562 3535 -6
2259 3534 6
628 2533 4
335 3183 -7
1110 1984 -5
1886 3437 -9
2259 2716 -4
1622 3327 2
3170 3576 -3
1489 1751 9
2050 2727 -3
278 2541 6
1437 2500 1
2092 3892 9
991 3874 6
2128 3320 -3
75 3875 -4
390 732 10
816 2301 8
1819 3733 -10
919 1756 -3
2741 3254 5
1191 1949 10
2429 3433 10
1438 1826 -2
2449 2853 -10
1246 3053 9
375 1777 -8
1010 2059 1
790 1790 10
876 3227 -5
659 2475 6
2159 3959 8
1111 1818 4
32 1559 9
233 1320 1
2358 3381 -4
97 2213 -2
597 2765 8
1235 2527 -5
82 2844 5
83 3712 0
1470 1643 -7
193 1103 -2
2060 2640 4
1929 3389 -3
938 1782 9
239 1744 -8
729 1379 4
3244 3595 -7
2450 3734 8
1328 3630 -1
1104 1670 7
1088 3123 -10
737 2142 2
2022 2469 1
2025 3972 -4
1626 3472 7
1818 2181 -2
1315 3287 1
2789 3321 8
602 3122 -2
7 3730 -2
564 615 -2
1670 2697 0
1806 3524 -8
1120 1506 -2
1400 1789 5
1680 1843 -5
649 1103 6
666 2504 8
660 969 3
171 1973 -4
2624 2816 -3
3140 3901 -4
3681 3730 6
2669 3498 -6
47 3105 -10
595 2156 10
65 944 9
1152 3013 -7
245 1814 4
14 3867 3
2689 3332 10
442 867 -10
784 3785 2
1462 2128 -5
2109 3696 5
1116 3440 -7
2403 2416 9
1171 3147 -7
1960 3307 -3
931 1445 9
740 3863 7
985 1681 8
1004 3909 -1
73 367 2
2091 3763 -6
1745 3126 -2
1213 3265 -7
643 3378 7
151 1189 3
2327 2956 10
179 241 -9
760 1684 -7
452 1302 0
870 1061 9
2146 3820 -2
971 1638 10
2077 3720 -9
1742 2424 3
819 3203 -4
1411 2849 -2
2289 3761 -5
1431 2912 9
619 2768 -10
2912 3888 2
250 1181 -9
2459 3125 -10
1375 2751 -8
1433 2729 -6
99 1951 -3
2769 3287 -7
852 2683 9
866 2352 2
3687 3857 1
539 3162 -7
332 846 -2
1445 1921 -5
1185 2748 -7
2792 3126 -10
1324 3846 -1
1338 1529 8
340 3181 -8
211 327 0
553 3703 -10
2225 2261 -10
28 3360 -3
306 2779 9
1591 2914 -1
847 1413 4
183 615 0
427 746 3
538 2011 -2
2504 2736 10
2631 2777 -3
1036 1470 0
1117 1129 8
318 1190 1
815 3945 -2
832 916 -8
2714 3485 1
3278 3298 10
457 975 4
445 1675 6
732 914 -8
556 2940 0
597 2712 0
1285 2295 -7
1983 2633 -3
1248 2938 -1
2013 2741 -5
201 1665 -1
2656 2847 -7
242 1208 -7
1022 3763 -5
158 1739 7
531 2250 4
610 1082 -6
3292 3438 0
196 1442 5
1452 2300 7
349 3670 7
961 1016 7
1606 1949 -6
641 1563 -5
699 2965 -9
2142 3915 4
2770 3218 7
989 2246 9
16 693 10
279 1332 0
406 2339 -3
669 3207 5
889 1032 -8
644 3150 -4
1006 3768 3
328 3853 2
1554 2819 -1
1029 1685 -3
191 3326 8
715 3740 -10
814 3719 -10
261 2752 -9
188 1456 -9
3129 3285 6
885 2552 -5
2848 3043 -8
1623 3484 1
268 3815 -10
221 3969 -2
1780 2384 4
305 2916 -8
198 309 -1
629 761 -5
1582 1847 2
1847 3313 -7
441 2925 10
553 1180 10
876 2624 -10
2655 3523 10
129 1118 9
1681 3546 -2
1020 1585 -8
2731 3747 1
1568 2851 -4
305 822 1
84 2809 -4
79 250 -7
165 253 1
1424 2843 5
113 1820 9
376 702 -5
472 2396 4
2807 3247 4
1150 3277 2
1834 1923 -4
1116 3629 -8
2960 3462 -4
200 661 2
600 3749 9
2494 3137 -4
157 3179 2
513 2814 -4
602 3795 10
2293 2366 8
2164 2444 -2
2173 2449 9
827 3095 -1
1524 2040 2
3270 3516 0
2934 3301 -7
1831 2685 5
1752 2392 10
353 2946 0
1662 1681 5
874 2123 0
505 3754 -3
1880 2577 9
1337 2298 2
2166 3843 -2
237 3939 6
2670 3376 -3
1481 3511 -9
2015 3381 1
1743 2693 -2
1268 1417 -9
244 3834 -5
739 2056 3
1557 2688 -5
534 1543 -8
1131 1533 -7
2110 2342 3
756 3578 9
3006 3833 -4
3524 3530 1
84 1199 -9
2921 3200 -3
20 1443 -6
1374 3627 -5
918 1132 -8
131 227 -3
474 2552 -6
1210 1425 2
377 2619 -3
1278 1825 6
385 2739 5
3468 3490 9
2624 2805 -8
1679 3566 -5
798 1602 3
51 1816 -7
1993 2184 7
59 2202 8
926 2016 -7
549 1800 -8
53 3848 3
528 2909 -3
2274 3631 -8
3413 3675 -9
1262 3133 0
346 394 -6
3516 3773 6
369 1051 -2
1280 2140 -9
121 2383 -7
1420 3877 -1
2948 3962 8
2714 3795 10
394 3444 9
338 2088 -9
2201 3395 5
2934 2980 -1
2317 2523 3
478 3330 1
868 3485 0
331 1819 4
1586 3472 5
27 1822 -4
199 882 9
3210 3679 -3
2379 3293 3
2231 3129 -10
562 1873 2
980 2386 -4
1883 1894 -4
1659 1920 8
1939 2957 -4
3157 3560 0
665 2230 -8
754 3211 8
1055 2156 10
2999 3388 0
1232 1560 4
1383 3678 6
51 3239 6
674 1003 -10
868 1512 1
497 818 5
1147 2095 -10
2737 2829 -1
2752 3632 2
3261 3738 9
2776 3989 8
23 898 -7
1406 1797 -4
2710 3635 3
1199 3719 2
124 721 -7
1125 3504 10
397 2802 -1
299 3462 -2
529 1938 -9
102 2359 -6
2068 3084 -7
683 1358 1
141 3290 -8
557 3168 -7
1833 3483 0
2383 3361 7
1398 2508 -3
1107 1807 2
2614 3001 4
451 2405 -9
475 1301 1
621 2816 8
2880 3120 -8
263 893 2
1266 3520 3
1164 1523 -7
1778 3897 -7
400 1127 3
2175 3489 8
2563 3076 -2
1934 3548 -10
1246 3928 -4
621 1890 -1
197 1562 -4
3142 3362 -3
1454 3813 -6
270 2306 9
626 1187 -3
1536 1637 6
201 257 -2
574 2717 -8
2084 3428 3
899 2773 -6
778 3944 10
958 2828 5
167 794 -9
1688 1886 5
1290 3045 4
1293 2296 -2
1535 2058 9
1963 3030 8
3153 3534 -9
1253 2345 -3
2519 3625 5
1531 1535 -4
1467 3994 -3
3166 3180 2
28 3725 -8
1316 3569 -3
103 341 3
755 3007 -3
493 792 -7
2358 3680 6
842 2666 -1
1162 2607 -9
201 2835 -10
2608 2808 4
47 1873 9
1657 1768 6
1965 3870 2
2228 2523 5
354 1801 -3
1183 3080 9
3340 3373 -3
401 3310 -1
1600 3634 7
3637 3825 10
2651 3794 10
1424 3637 -6
827 1432 6
461 3849 -5
299 3262 0
443 2489 8
1885 2534 3
2755 3622 -3
64 1409 -10
227 878 6
3139 3733 2
3101 3212 10
2394 3350 2
1413 2431 -5
45 349 1
2070 2472 8
1621 2380 0
1870 3350 6
1862 2937 10
625 2092 -2
2295 3987 4
633 1458 9
2296 2411 -4
737 3730 6
176 1219 1
1021 1045 6
122 3871 0
1706 2545 4
510 1738 -7
3383 3433 1
2800 3112 -9
670 3447 -2
831 2318 7
2181 2545 -8
1 319 9
1862 3997 4
943 3956 7
131 1826 0
919 1155 4
613 1048 -4
1220 3712 -10
3377 3510 5
393 2213 -1
1128 3076 -9
228 604 -5
372 2046 5
1074 3513 0
2292 2655 -9
2121 2248 0
700 828 -5
1825 3189 3
1337 3334 -2
929 1819 10
2547 3295 10
647 2106 0
829 3574 -3
1838 3774 5
1192 2579 3
356 2078 -7
968 3854 -9
1070 3636 7
2016 3780 1
2160 2741 -10
1685 3680 -7
1367 2058 -3
2024 2328 2
568 3102 -1
1528 2915 -4
1397 2166 9
2221 3367 -8
1899 3087 -8
450 1834 10
3430 3884 -1
398 1378 4
623 1725 -4
1261 1524 5
2742 3483 -10
782 1489 -10
2819 2949 3
2824 3027 -9
447 489 2
2468 3365 -4
2531 3421 -4
3109 3132 0
1228 1468 9
1599 3855 -4
513 3179 9
315 683 -7
1224 1699 -4
3020 3962 -3
3037 3148 9
3253 3941 -3
218 1689 10
584 2012 4
2232 3623 7
303 3719 3
537 3657 9
34 562 -1
1619 3167 -3
1586 3219 7
2293 2852 -9
369 811 -5
1038 2367 -2
2323 2465 4
554 2025 3
570 3955 -9
895 1500 -1
1749 1826 1
2518 3091 6
1028 2029 -6
910 1256 -1
3042 3505 1
375 1915 7
519 876 -3
541 2850 7
2263 3215 -8
1707 3751 6
1934 1993 2
554 1099 3
1698 3702 -9
1734 3359 7
2572 3677 -7
378 2041 10
1047 3368 9
44 475 7
2965 3379 -5
499 1284 -5
3083 3105 -4
489 1505 -2
659 1916 6
1161 3066 3
1538 2787 9
643 925 -1
2272 3277 -6
677 2724 9
290 1295 -10
185 3982 0
379 586 1
33 2164 -8
27 1595 9
1370 3361 -4
1630 2497 2
141 2340 5
2299 2363 -5
671 3094 9
2622 3282 3
780 3266 -1
2878 3881 -9
2626 3108 -10
965 3662 -3
807 2810 7
1758 3298 -9
1653 3770 8
528 1180 -7
1290 1503 3
1362 2840 7
149 366 8
1353 3020 4
2380 2823 -8
1509 3267 8
258 538 1
786 2872 -10
3363 3751 -2
413 3041 0
1788 1864 -3
208 2114 -4
2424 3014 -1
3260 3286 8
3604 3850 -3
522 3213 -2
2475 3999 7
430 2163 5
1693 3963 0
681 2977 -1
683 1589 10
1988 2834 -8
80 3770 7
1279 2108 3
441 2995 -5
2079 2723 8
1432 3141 6
3228 3455 7
688 886 0
461 2415 10
1515 2092 0
97 2138 -6
1351 2398 -3
489 713 10
2772 3589 8
1545 3203 6
53 3529 0
2076 3068 7
2780 3709 5
1248 2916 -3
940 2800 -7
797 1997 8
1389 1643 2
1143 1173 7
1746 2146 -3
431 3596 -1
1069 1638 -7
1255 2811 -2
2134 3948 -7
301 1766 -3
2319 2681 6
393 2523 -2
2549 3143 9
1898 3856 -2
762 1602 -2
1274 3211 -3
429 904 -4
2142 3664 6
857 1839 -2
549 1494 10
1140 3396 7
2172 3543 -2
1043 3692 8
102 1677 -5
2906 3767 7
731 2639 -2
633 1084 4
103 1269 6
208 1322 -8
225 2952 1
3081 3246 5
2549 3385 2
2965 3300 6
2965 3071 3
1197 3233 2
586 864 -1
35 1744 -1
2316 3564 -3
222 3556 0
3482 3711 -4
26 877 -7
609 2955 -10
24 2036 -9
2654 3973 -1
1288 3243 4
3005 3493 -9
1898 3172 4
666 2671 9
982 3402 9
1832 2818 7
139 3908 3
2384 3560 2
1782 2997 -1
2649 2811 -1
1503 2350 -4
12 3315 0
1311 2823 -9
2046 3043 3
2384 2513 -7
1567 2779 4
627 3884 5
1735 3824 8
673 3734 6
1138 3016 9
744 1399 -10
2519 2822 -5
392 2674 -3
2235 3588 10
595 3033 -9
634 746 -7
2058 3632 1
1325 1566 0
399 2569 -9
1982 2361 6
294 3041 10
459 3374 2
3267 3920 -9
1453 2017 7
1150 2208 -6
867 1627 6
736 878 7
2826 3625 -1
1733 2007 8
2035 3769 10
1333 2036 7
403 3334 5
2605 3104 2
721 1694 -3
213 3210 -2
746 3673 -4
417 2451 9
2967 3227 0
1007 1270 -6
1258 2801 -5
1056 1620 1
256 547 7
2033 2834 -7
1912 2773 5
1334 2796 10
3001 3225 -9
1765 3248 2
1690 2845 9
2335 2583 2
1702 2670 1
1261 2439 -5
1120 3217 -4
1386 1387 0
2119 2958 6
3099 3918 8
2450 3472 -1
664 3388 10
72 3476 9
103 2826 -9
1277 1336 8
610 1812 -9
2206 2967 10
594 784 -5
1046 2342 1
461 1194 -3
1766 2668 -5
1886 2733 -7
3346 3357 9
747 1413 10
681 3045 10
774 1775 6
3580 3938 -9
543 1125 -7
3151 3303 7
40 733 6
2462 3724 6
1543 3683 8
991 2712 -6
216 1898 9
491 3823 -1
952 2986 9
3529 3865 -9
561 849 -10
1330 1360 4
1558 1978 8
3063 3540 -5
670 792 10
710 3574 -4
97 2556 4
3557 3819 9
300 966 -1
95 1729 0
74 623 -4
1364 3280 0
1135 3457 5
2368 3136 -8
429 2019 10
1454 2944 -4
2343 2554 9
447 2827 8
2317 3319 10
156 2089 9
1680 3701 0
2705 2906 5
1263 2595 1
275 2720 10
1868 2934 -5
3251 3604 3
890 1303 0
921 2602 0
74 1912 8
1091 3013 -5
2864 3609 -10
1197 2133 9
352 2795 -8
88 1968 10
124 1625 -6
826 1668 -10
1312 1561 9
1518 3881 -7
453 1571 -5
1394 2125 -3
2039 2829 10
1638 2485 10
1818 3355 10
1131 3886 -8
432 3848 -8
1010 1381 -7
1242 2670 4
844 1843 6
603 1222 7
811 3386 1
2280 2339 6
334 2266 4
3164 3554 8
1927 2709 8
2197 2341 -5
2160 2422 -4
2800 3048 5
2180 3340 7
2357 2707 2
952 3483 7
2823 3153 10
2319 3125 6
1260 2781 2
3498 3965 8
876 3609 -4
1025 3143 -3
2857 3151 -9
479 1169 -7
737 3679 -1
850 3556 8
2023 2430 -10
1252 3078 -2
1778 2599 6
412 1115 -7
88 2452 -4
2270 3475 7
596 2629 -2
3106 3747 -4
1836 2725 10
409 3971 3
3277 3565 -2
1147 2917 -10
438 2457 -1
1255 2679 -10
49 1184 2
56 140 1
568 3964 7
1363 1458 -9
2129 2425 10
3428 3919 -6
771 2522 -6
743 3443 2
287 2409 10
2952 3401 5
89 2653 4
255 1410 -1
1306 3031 4
205 1818 -9
198 2596 -9
862 3808 9
2384 3065 1
2370 3655 -7
2676 2944 2
2388 3480 7
2135 3034 -10
3230 3237 2
1060 3685 6
45 1721 -9
2436 3376 -9
1948 3558 7
3376 3705 -8
2159 3778 7
354 1429 -3
2833 3951 3
572 2820 -9
747 3575 0
100 1778 0
2068 3330 -7
1782 2973 3
1192 3696 -5
823 3570 5
118 2320 4
21 667 -3
1717 1797 8
872 3462 6
1918 3278 -2
33 677 2
1815 3271 -1
2260 3392 7
2120 2860 -2
1646 3206 10
1751 2468 10
2491 3032 -9
37 2718 6
586 745 -8
417 1956 8
1408 3297 -1
132 511 -10
321 447 4
381 3430 -5
406 2211 -7
1345 2167 8
2445 3451 -5
1498 3348 9
3162 3442 -10
163 1150 7
698 2477 0
842 2899 -10
1265 3756 -3
558 3894 0
165 930 1
1448 1662 9
1855 3706 1
1552 3934 0
2507 3632 -4
867 3602 1
1849 3928 6
145 3846 -1
573 2566 6
220 2973 -6
2687 3455 9
646 1095 6
479 1921 -4
632 2917 -4
2933 3861 4
1005 2381 9
876 2496 -9
946 983 -10
2126 3805 7
2599 3463 6
223 359 4
1107 3826 3
302 423 -2
1234 3372 -9
1319 3187 -3
611 1114 7
1335 3131 -9
968 1388 -6
1871 2882 7
1150 2102 7
3075 3284 -9
785 1452 2
1085 1155 -4
665 2518 8
1532 2369 10
2091 3824 -4
415 2528 7
2946 3291 -6
865 3488 7
1365 3545 3
2962 3235 -5
2370 3360 -4
3703 3913 -8
95 2294 -6
697 2628 5
2588 2765 -3
1959 3237 5
648 2177 -6
2287 2544 1
120 3226 7
2525 2601 3
1200 1872 0
1136 2153 1
2782 3654 -3
2635 3641 -9
2115 3376 9
2015 2206 -8
1946 2372 -6
2937 3713 -5
605 2113 5
276 3106 9
40 614 5
2180 2953 9
1869 3091 -6
578 1192 -1
1832 3438 10
926 3861 3
284 2179 -2
2720 3082 -5
1071 1475 2
916 2355 2
3330 3536 -4
452 2665 1
149 2893 -9
18 2144 -4
1482 1985 -10
496 1954 -3
38 1076 -10
3234 3424 -4
1592 2759 7
1010 1357 -4
2252 2805 3
3516 3524 -2
2252 3744 -1
340 1498 5
1905 2882 3
1211 3454 -8
194 397 -3
2146 3439 4
1910 2408 8
2015 2461 -10
1532 2758 -7
3746 3814 -4
565 1508 -5
2102 3517 -9
2668 3147 4
1140 1601 -9
80 123 7
1697 2421 -7
819 2943 -7
2056 3293 -7
947 1142 -3
2032 2118 1
681 3652 0
561 1106 -7
1137 2205 6
603 2500 3
444 706 8
545 1283 0
691 1337 -3
3667 3948 -8
1369 1666 -5
152 3917 6
1597 3250 -1
270 1694 -1
958 3263 5
1830 3946 3
1415 2950 -7
80 3519 3
1203 3067 1
2057 3356 -2
352 2931 6
381 1646 7
3328 3556 -6
2292 2701 9
344 3979 -3
1173 3309 -5
789 2380 0
1312 2155 2
1030 1045 -6
895 2806 8
202 3522 -3
2571 3469 2
487 2688 -7
478 2868 9
473 2524 10
1381 2147 5
1083 2224 -8
905 1400 0
960 1107 5
1488 3441 10
789 3440 4
815 2409 7
861 2296 -1
697 3851 9
986 3725 -3
845 2288 7
578 2173 -1
91 3812 10
2546 3762 5
1840 2324 -6
403 2586 4
2672 3349 3
2266 2661 -3
1720 2902 -6
2546 2715 6
981 1516 2
3143 3873 -1
3198 3580 7
1670 2263 -9
1453 1511 -4
1181 1806 4
1272 3156 2
1466 2204 0
298 964 0
359 2637 6
3182 3986 8
2427 3144 -8
2845 2903 -7
1239 1932 -2
1605 3975 2
864 1762 1
1475 1650 1
967 2641 2
1760 2277 6
3195 3403 0
1097 3919 -7
1118 2581 -9
486 1550 -6
2407 2798 -6
1782 2975 -5
1894 1984 5
1002 3803 -3
1282 3857 8
1184 1299 -2
3214 3766 -9
3563 3654 -9
1653 2043 9
20 2430 -2
1135 2117 8
1116 1838 -7
3120 3350 -7
2287 3083 7
921 3585 7
2562 2793 1
1939 3568 -8
88 3998 -8
1620 3973 0
2405 2442 6
1927 2403 -10
103 1273 7
1920 3447 7
1387 2166 -4
943 2418 0
791 2549 -10
132 3667 -3
3010 3720 0
2781 3897 6
1033 2311 -7
2669 3427 8
497 3765 9
327 873 -5
3735 3895 -7
727 2241 6
2685 3142 7
2189 2938 0
298 1569 0
1767 3740 9
2808 3441 -9
786 2326 7
1979 2347 1
398 1692 -1
833 1849 2
224 344 -8
3417 3670 -6
1402 1777 -6
1348 2709 7
2112 2812 -8
355 1214 1
2787 3395 -7
1566 3992 -3
3553 3837 -2
2123 2597 -5
1510 1845 4
1722 2024 -4
3112 3865 2
1205 3720 4
561 3618 3
2209 3805 -7
2083 2417 3
2648 3852 10
967 3030 9
2627 2746 -2
589 3838 9
2249 2305 5
1466 3882 -3
2457 3237 8
896 1514 3
1593 3428 -2
68 1362 -2
934 988 5
1801 2788 -8
1087 1984 -9
194 949 -8
1723 3134 -3
405 3384 -8
3001 3229 -6
86 3523 -1
860 931 8
865 3261 5
2719 3745 4
1032 3374 -7
225 1588 -2
1386 3377 -1
141 3580 9
1127 3382 7
2154 2431 4
244 783 3
3358 3853 -2
1467 3679 0
651 2635 -2
396 3806 -10
1827 3204 -2
3601 3759 -7
1598 3906 2
1350 3804 -9
1050 1297 -6
3020 3484 -1
1509 3797 -3
380 1768 -4
244 675 -2
904 3165 0
2161 2676 -9
2711 2850 -8
1413 1995 -6
1523 1638 1
595 3763 -4
2028 2039 -2
2080 3892 -5
1235 1585 10
1725 3435 8
400 2477 0
1671 2152 7
2595 3025 -1
912 1834 -10
1122 1415 -3
148 684 -9
1187 3530 0
1500 3990 -8
2735 2776 -6
444 453 -7
1120 3705 -6
3172 3716 3
1152 1708 -8
802 2120 5
2897 2959 3
2464 2848 2
2686 3678 4
246 1084 6
182 3314 5
1928 2050 -2
725 2021 -4
417 1905 -5
1826 3988 3
544 3895 7
509 2891 9
1691 3800 -1
2054 3623 2
2128 3572 5
443 2308 -9
732 2145 -9
269 923 -4
1621 3475 -2
2128 3922 10
992 3654 5
1940 2181 3
2695 3740 7
783 3251 -10
491 2325 -9
2589 2977 1
703 3901 -7
230 1274 0
992 1560 5
2671 3275 5
1450 3835 8
1641 3174 6
2334 3101 -1
2279 3165 -3
218 1119 6
2429 3927 -2
594 3621 -4
782 2100 -4
1773 2246 10
3369 3438 0
1173 1204 9
1775 3524 10
1388 2849 7
2229 3465 6
486 1994 -10
1800 3288 3
229 877 -9
552 1530 8
204 2510 8
2611 2712 8
1774 2777 -3
442 3092 -4
1734 3607 1
3055 3628 -10
806 1797 -4
226 3208 4
474 3044 3
2831 3920 6
49 2114 6
1193 2731 10
322 1455 2
2332 2775 3
843 2618 -7
418 934 4
874 1702 3
2400 2421 3
1550 1985 5
354 1178 -3
1025 2100 9
961 2610 -9
1864 3838 3
2712 3410 -5
2130 3994 -2
1348 1972 4
400 1001 10
2201 3874 7
2147 2362 0
380 534 5
2319 3600 -7
2551 2940 8
2315 3895 -10
1592 3271 3
593 2978 -10
70 1476 -4
1840 2555 -8
30 91 9
1389 3851 -9
1810 3844 5
1707 2965 3
2044 3782 -10
748 3791 -7
3076 3700 3
627 1286 -10
116 2531 -9
819 1456 7
3694 3749 -1
1501 2981 -9
2103 3315 2
138 3229 10
892 2873 7
2048 2332 -10
1301 2812 -1
2806 3408 0
1493 2753 7
1663 3393 2
2592 3893 5
916 2412 10
188 956 8
969 3507 1
2423 2623 -6
1464 3449 5
882 3996 6
1622 2345 4
2403 2910 6
11 1259 10
1869 2451 -5
1344 3798 -9
1678 2920 10
346 3235 -3
188 1077 4
1150 3703 -1
2901 3308 10
1843 1940 9
1225 3059 -8
530 548 6
3021 3602 9
834 1188 -8
1598 2109 3
723 1357 10
532 2543 9
912 3996 8
2254 2679 8
368 2886 2
1646 2271 7
50 3479 6
657 3891 -8
3654 3932 -9
1126 2420 -6
2282 3276 -7
1581 2411 -8
232 867 8
844 3875 10
785 2248 -6
551 2835 -2
894 2649 5
1042 3301 4
700 2554 0
1099 2788 -6
610 2368 -3
2444 3166 0
713 3018 2
580 3657 -6
950 2436 1
1251 3596 10
1452 3586 3
349 755 -1
2202 2586 -1
454 808 1
2272 3096 -10
281 2048 -6
845 2090 -7
895 1453 8
875 1215 -8
1797 3476 7
516 2036 -2
1820 1888 2
1051 3363 8
640 1577 0
1321 2958 -9
533 1222 -1
1000 1102 -9
141 1112 7
8 1522 7
326 3080 5
1659 3367 6
575 3784 -7
1351 3022 9
1760 3944 10
1158 1395 5
1715 2252 7
1536 2021 2
137 3329 -6
1160 1441 -1
936 1962 -8
1010 1682 6
93 2239 1
1665 1842 -8
1749 2250 -9
3423 3621 8
300 3966 3
59 642 10
2509 3695 -6
2034 3173 -2
1774 4000 4
327 3574 -8
2074 3474 2
21 1289 1
3212 3559 -7
1247 3436 10
3179 3345 2
617 1054 -2
1131 3490 10
9 3157 5
281 1364 7
334 2688 7
456 1365 -2
862 2807 4
2319 3655 2
108 2870 -5
385 1192 3
2602 3980 8
1796 2604 -2
232 1593 2
1424 2961 -9
925 1291 10
186 1891 1
1373 3898 -8
287 482 -10
435 1134 9
1390 2037 0
600 3867 9
2398 2793 -2
1602 3088 -7
1469 1512 -6
2675 2778 10
1107 2099 -9
1482 1976 -10
1827 2159 -6
1283 1766 -10
2852 3121 7
221 3174 3
1336 3090 9
40 2833 8
293 3013 -7
642 2938 7
382 3765 -7
2804 3538 -4
686 2715 3
6 2202 10
1795 2328 7
853 2303 -6
154 2302 10
713 3757 -3
2565 3148 -1
407 1435 9
1339 3630 6
2495 3089 2
1177 3339 3
308 675 -2
650 1607 9
1001 1127 8
42 1724 -4
1943 3515 4
1733 2510 -4
2021 2388 1
2074 3971 1
928 2719 9
587 2197 -6
2562 2742 -8
1185 3055 -5
6 1397 5
644 1913 -3
1530 1777 -9
1192 2950 -10
501 558 7
370 3781 5
418 560 -4
547 1199 -1
845 2842 -9
1760 3636 -3
1699 3397 -5
54 1266 -4
2714 3900 -2
84 391 -1
1775 3392 5
2410 3674 -1
1112 2553 8
427 2450 4
1206 2188 -6
1027 2711 -6
2336 2641 2
2668 3151 -4
1594 1775 -10
983 1621 10
2072 2302 -9
1191 2553 1
2209 2573 1
1709 3418 -8
1299 2766 10
246 2496 -4
293 2342 7
1309 3713 -1
746 2324 -9
295 2388 -2
978 1627 6
391 2096 -6
96 1690 -10
2885 2977 0
307 412 9
570 1280 -7
1047 3605 1
1666 3354 -1
2385 3041 8
1609 2554 1
2099 2418 -4
511 821 -3
2771 3750 -1
455 697 -10
4 2747 -5
858 3036 -4
662 2572 -7
1649 3013 8
3035 3163 -3
1643 3198 4
802 1801 -3
1626 2211 7
1139 2618 -8
1151 1689 -5
2825 3060 -7
1560 2382 -5
197 378 10
1666 2549 5
1026 3909 2
2126 2241 6
2749 3186 10
2817 3061 -10
771 1818 -9
453 1014 1
325 3983 -4
1104 1469 0
3399 3453 -5
69 3468 4
2250 3889 10
1309 1874 10
1603 2092 -4
257 3933 -1
1733 3599 -5
2822 3297 -5
1094 3383 4
2186 3086 -1
1153 1977 -8
1531 2337 -9
863 3635 -2
2339 2776 4
1816 3260 -1
1721 2434 5
1883 2267 0
202 1674 10
35 3483 -6
669 3998 9
1689 2401 9
3146 3249 -10
324 2539 2
243 1153 0
3140 3700 -7
2235 3328 8
1832 3618 0
182 1143 -7
1257 1697 -3
3364 3822 -6
847 1533 -10
948 1585 8
1953 3615 -4
523 2375 0
1013 2468 10
1794 2050 -9
1641 2976 -10
459 2067 -2
1087 1141 -6
2779 3024 -1
26 1690 3
1125 2830 7
1058 1608 -8
2310 3256 0
2401 3374 3
615 3482 -1
527 2615 2
2280 3313 3
2003 2281 -9
2331 3278 -6
490 1501 -4
1064 1544 8
967 3826 3
1816 2576 1
164 2684 10
697 3413 -10
3063 3614 3
1220 3225 -4
2891 3093 4
287 805 -5
2155 3439 2
923 2938 -3
352 3903 10
1785 2179 5
1363 2190 10
1358 1846 -7
286 3320 1
106 3847 5
1701 2185 -2
2556 2736 7
1269 2299 8
1451 3996 9
876 3536 2
2161 3109 -10
888 1560 10
686 2328 -5
1126 3832 6
997 3947 -7
665 993 10
595 1163 -4
421 1801 9
498 3216 -2
1074 2329 7
2784 3623 9
1000 2151 -2
2285 2478 -1
1624 2769 7
65 3334 1
51 3399 10
3287 3722 1
551 2261 -6
663 2502 4
267 287 8
433 993 -1
714 1915 7
1285 2899 -1
2748 3040 4
2385 2988 5
3393 3973 9
1067 2447 5
1474 2313 -5
926 2444 4
2254 3407 2
2947 3105 -2
1216 2920 -4
3332 3441 2
660 3493 10
2270 2597 -10
2965 3913 -6
1683 3820 5
119 1826 8
112 2870 -8
1905 3667 -8
510 2916 7
348 2588 9
616 3800 -1
1418 3027 7
3720 3967 0
2078 2548 9
963 1400 -9
1871 3238 -10
536 3053 2
2077 2848 0
638 2283 -1
1398 3957 -10
746 3802 -4
2169 3605 -7
2241 2956 1
23 3178 -6
1325 2166 4
1478 2381 -10
1481 3618 -3
1450 2053 -3
560 2750 -8
6 1144 6
622 2167 -8
1078 3615 -1
3892 3912 -3
1012 2995 2
210 1031 1
359 602 8
1399 2330 2
1165 2163 -6
3267 3715 -1
2768 2836 -5
2057 2744 1
584 1888 -3
665 2779 -4
3343 3710 7
1618 3047 3
2017 3547 1
2795 3612 -3
1946 2620 -5
60 2790 -8
91 2140 1
1443 3460 9
1866 2331 -5
818 3637 7
1830 2408 -5
99 274 -3
432 3601 -5
707 1325 0
1476 2590 3
1893 2878 5
248 2733 10
203 1270 -9
2912 3500 -2
100 1263 3
800 2428 -1
237 3483 -7
39 2744 -2
1189 2883 -8
3293 3313 -4
939 1725 -3
2076 3386 0
1460 3117 -8
1031 2711 0
907 2904 4
1806 2478 -2
1823 2876 10
1293 1664 4
2898 3430 10
2342 3212 -9
680 683 -8
1445 2701 -6
867 2724 -9
3007 3602 -1
729 3019 4
612 1451 1
2005 2809 0
441 1569 -3
365 2742 -7
3116 3508 -3
3478 3601 -10
512 3435 -10
637 2383 2
1764 3356 -1
2433 2697 -5
798 3240 4
271 3494 -8
1704 3985 -4
101 1356 -6
324 876 0
3493 3616 -8
1491 3877 0
2169 3526 5
730 746 1
1397 3949 -3
160 1118 -5
3518 3565 9
443 460 0
1559 2964 5
2171 2296 7
1678 3824 8
272 3961 -6
438 2681 2
668 3143 -9
69 74 -8
1595 2779 -7
420 597 -8
2381 3422 0
940 2784 -2
3237 3380 5
737 1701 5
2299 2831 -1
1575 2248 -3
596 1927 -6
897 2858 -3
494 1650 9
2274 3188 -6
474 3398 7
634 3387 -4
161 723 9
1320 2143 1
1915 3255 10
2056 2965 10
1842 2484 -4
240 2184 2
1632 2674 4
654 3221 7
120 1072 -2
1083 2580 7
164 324 -2
344 3180 1
2164 2619 5
223 2890 -2
2306 2968 1
2670 3659 9
727 1642 3
2681 3296 7
3242 3592 5
1774 2326 7
1782 3907 8
443 3280 4
1355 2113 0
3631 3818 1
709 1184 2
1361 3850 10
986 1758 2
1696 3840 -8
1030 3750 -4
736 1317 8
1821 3727 0
1824 3207 -2
1273 2057 -3
1307 3856 -2
3029 3955 1
467 3650 -1
1279 1313 -7
1139 3225 -1
3178 3297 8
1072 2003 4
277 3489 -3
111 1736 -5
1727 2348 -8
1906 2579 4
1304 2016 3
1043 2655 -10
1681 3400 1
275 797 7
2327 2757 0
1595 2350 -2
325 3543 3
923 2940 8
166 746 3
1019 2419 0
1110 2537 3
3317 3617 -3
1340 2999 9
2028 2353 3
1515 3754 -8
749 3726 1
1473 1542 9
2154 2169 -10
122 2810 -6
774 3490 -5
1782 2297 -3
1916 3051 -4
899 2438 -7
1181 1370 5
264 3159 7
61 1110 7
1346 2898 5
3483 3542 -5
857 2212 9
3095 3662 -5
734 1095 -1
955 1737 0
1841 2998 4
1177 3772 1
1065 1316 -8
492 1683 8
2971 3222 -9
1020 1573 -2
405 2209 -5
1145 1982 -1
3080 3623 1
141 1116 -8
3121 3920 3
249 2864 -7
445 2510 -4
423 536 7
1837 3000 5
382 3393 -9
996 2798 10
1300 1977 5
422 1745 0
1105 2970 -2
1261 3483 4
2159 2647 10
1096 3904 -7
206 2349 7
1142 1805 5
736 3332 -4
557 2872 0
2164 3250 -5
926 3614 4
1705 3086 2
1961 2783 -7
1971 3242 -4
162 3632 2
2103 3132 4
17 2985 -1
535 2682 -1
287 365 3
839 878 -6
280 2577 -7
109 480 -8
1207 1920 1
701 1294 10
619 2127 5
521 2760 5
55 1038 -1
1336 2155 6
582 1952 2
422 1182 -2
140 2021 1
2631 3880 0
2376 2607 4
222 333 0
927 1354 2
2730 3364 -1
1546 3577 4
1188 3869 -7
1640 2687 -4
2792 3424 0
1634 2643 5
1116 2946 7
966 2184 -1
1260 2402 8
1196 2417 7
2809 3778 -7
2831 3537 -7
2389 3192 -8
2811 3824 -10
2632 3327 5
1604 2333 1
370 739 2
443 3469 -7
2705 3024 2
2949 3384 -5
797 2654 7
695 2377 7
1474 2115 -4
116 980 -8
1955 2159 8
2093 2352 -9
292 2145 -5
418 3947 3
1445 3750 1
2436 2876 -3
461 870 7
653 3255 -5
830 3891 -3
1397 1494 -7
495 3083 4
717 3950 8
451 2259 -10
353 3673 -2
283 3843 1
51 2288 -6
3326 3734 -9
284 806 -3
1041 2209 -9
695 1572 6
2238 2460 -3
574 3497 4
2575 3048 -1
751 2672 7
90 3155 -7
442 1099 -4
1033 2735 -8
1568 1618 -5
900 3145 -8
1330 1975 10
1679 2883 -7
824 2332 -7
372 2208 -5
761 3215 1
2225 3056 7
680 2324 7
2058 2650 8
307 2981 -5
670 2804 -8
3335 3796 9
898 2668 3
2515 3239 -5
598 1652 -5
1167 2563 4
1788 2910 6
826 2270 -3
3086 3213 -3
305 2275 -7
948 2152 1
3274 3678 -6
2400 2656 2
2379 3765 -9
1596 3090 -4
577 1421 -2
2483 3593 -6
1254 2572 10
1665 1914 -7
1159 1288 0
1680 2680 -7
1016 3454 -9
666 3341 2
826 3330 -1
788 3038 -1
2140 3604 -9
1374 2381 -9
2781 3637 5
71 3168 10
341 2763 -6
1242 1407 2
2176 3005 3
2687 2955 -6
1460 2798 -2
1704 3195 -7
2416 3660 -1
1146 2867 3
442 2522 6
1427 3560 -5
448 3239 6
1246 3219 -6
1216 2293 -2
1226 3506 -4
1907 3904 -10
2402 3846 -1
2211 2329 -4
444 2487 -9
1428 1691 10
1519 3270 -2
911 1401 5
457 965 9
949 3642 -1
61 2951 7
7 1668 -7
2784 2901 -4
650 3989 9
2209 3424 -9
273 1787 7
2888 2958 -7
697 1068 4
1184 3401 5
1266 2945 -9
2919 3476 -5
1644 2339 9
2999 3176 6
2197 2259 6
810 1884 -1
2351 3894 -6
1468 3052 8
22 1279 7
1070 1959 0
2729 3207 -8
1791 2924 -1
660 3229 -1
3509 3547 -6
1996 3558 8
1879 1990 -4
1889 2412 3
447 906 0
101 2447 -2
1327 2416 2
960 3117 5
2806 3548 9
2019 2643 8
214 2509 8
164 702 3
840 3991 1
143 3797 -5
3104 3619 1
795 2491 -2
1353 1772 -7
3040 3082 3
142 3545 -7
1501 1606 -2
384 1092 -9
537 2088 4
2262 3690 -5
2730 3795 6
305 1967 2
742 3954 5
291 3789 9
2954 3917 -7
1742 2348 2
1289 1319 -4
1105 2730 9
229 1864 -3
2493 2512 9
1851 2254 7
1481 3246 5
2683 3575 10
346 3846 -2
158 348 9
1302 2951 10
355 2619 -7
298 1819 8
1158 2448 3
820 1635 6
1489 1730 -9
1752 2369 6
67 2566 8
289 3167 8
2527 2631 3
2095 3940 -3
2430 2698 4
2602 3973 4
1619 3947 10
1512 3067 -4
774 3855 9
1384 3784 -9
1353 2256 -5
447 2679 8
2732 3184 -4
360 2939 -4
1420 3599 -2
319 2120 3
1134 3501 -5
2266 2832 8
662 1705 1
1950 3535 -3
935 1571 -10
670 1825 2
530 1522 5
604 3457 3
3390 3921 -4
3113 3118 3
76 268 -4
1295 2264 -1
1080 2110 -3
1017 1236 0
1505 1993 -8
2157 2673 8
928 3638 7
62 491 1
965 1985 -1
1139 3858 -6
882 3936 -1
3702 3755 3
610 1235 -6
1592 2756 7
2755 3423 -7
2438 3487 3
2276 3425 4
51 1685 10
167 1079 -9
1077 2054 -10
55 343 -3
2379 3028 8
386 1382 0
1027 1644 -4
1032 1759 -3
364 805 2
176 1020 8
1334 3521 -7
1086 1241 -10
401 3353 5
1202 2584 -5
2506 3190 -9
1619 3626 -10
535 3060 2
2326 3259 6
707 1329 -9
3217 3430 0
261 3952 9
452 1039 8
2095 2343 -4
1866 3503 6
873 1069 -1
307 392 -2
709 1375 9
1330 3937 -4
1237 1494 4
992 1663 -2
2522 3026 7
1054 1265 9
2681 2790 8
917 2199 1
994 2648 5
3315 3830 9
3103 3422 3
355 2661 -5
2571 3561 1
2962 3971 7
1384 2079 9
2177 3930 9
1559 2834 -2
339 3619 -2
3121 3964 -1
1670 1884 -9
622 3944 5
1957 3109 -2
2337 3101 7
1544 3236 4
2490 3343 -3
12 2443 5
621 1504 -7
1755 3419 -10
2875 3450 -8
1645 2241 -3
1664 3237 1
1791 2295 5
34 3141 2
22 3804 -8
593 2610 6
316 3793 -4
47 1353 -8
191 2566 -3
552 1754 7
1973 2945 6
383 2736 9
2017 2988 5
319 2980 -1
1347 3422 -10
581 1445 4
1935 3363 -4
529 2975 7
2411 3292 5
859 1389 -2
219 1995 1
3271 3921 -3
1402 2082 0
221 2041 9
264 2411 5
271 2801 -7
1023 2436 7
491 2575 5
387 3915 -6
537 3216 3
632 1238 7
439 1109 3
1626 2096 5
813 2976 -2
2112 3009 -4
1449 2665 -5
3040 3742 10
1397 2209 10
3513 3696 2
1009 1575 1
357 602 8
2764 3056 3
40 666 5
843 2976 4
2381 2500 -3
409 2226 -4
2231 3724 -7
429 3107 0
1222 2514 -8
1034 1231 -4
266 605 9
722 1410 5
2447 3470 1
1026 2050 8
599 2471 -4
2075 3598 -5
2851 3819 -10
1 41 -2
1768 3855 3
1472 2810 -7
1533 2268 -6
2582 3550 -6
176 1772 8
2555 2895 -8
34 2591 -2
593 2060 6
1799 2094 0
199 443 -4
784 1362 -8
710 2581 2
192 669 10
706 3105 1
184 256 -7
1460 1995 0
2501 2901 10
2446 2965 8
1582 2402 -6
1817 3208 1
696 3706 3
2117 2682 -4
362 2140 -2
410 868 -6
103 1391 -2
2995 3557 -1
1381 2762 10
3542 3726 -1
641 2723 10
2681 3663 10
251 1491 -9
590 691 8
2208 2396 -4
2941 3967 2
3285 3777 8
329 2084 -5
957 3602 2
769 2356 4
717 1671 3
1112 3661 -6
662 2149 -2
3178 3772 5
769 2477 0
1359 3474 -8
163 2667 6
180 2082 -9
612 3725 9
536 2683 -4
191 3668 -1
1559 2781 5
411 2917 7
1390 1777 -4
1447 2311 -4
1553 3232 2
2950 3275 -2
675 748 5
1110 2891 7
337 3907 -4
1912 2761 9
1270 3294 -10
201 2262 1
2665 2998 2
243 3161 4
418 1213 8
2570 2882 -7
1583 1660 0
117 2978 7
380 1631 5
1038 3028 8
807 880 9
65 3690 2
61 2753 -4
1351 2212 -8
588 3623 10
132 3343 -2
840 2612 -5
1521 2744 7
483 3277 10
1002 3842 -2
3619 3625 -8
100 2758 9
1384 2631 6
1074 1651 9
1420 3722 -10
773 3911 10
2738 3997 2
908 3052 1
1855 2337 -8
65 3006 -3
287 1658 -4
1118 3801 -4
686 1892 9
672 1994 8
1253 3437 6
1237 2180 8
847 3917 -4
76 1330 5
2830 3828 10
1324 2041 0
1596 2234 5
85 332 -5
761 2601 0
984 2121 3
113 3585 -7
1293 3630 3
621 3466 3
430 2703 -9
1039 3979 1
48 1618 7
1471 3636 1
1971 3959 8
1744 2748 9
2838 3544 8
2559 3900 4
540 1033 -5
355 3468 -7
152 2614 -5
456 3025 -1
103 3661 -1
724 2776 7
202 3145 -4
792 2193 10
1048 2119 -9
2032 3043 -8
619 3662 10
2859 3724 8
1377 2065 5
1061 3751 3
151 1049 -8
328 3900 3
2198 2931 -7
1303 3284 -9
408 1385 4
1129 1670 10
466 3312 3
1293 3993 5
223 3325 -1
1210 3995 -5
105 2781 -5
872 3182 -3
251 1559 -2
1154 3016 7
1849 2117 -1
2169 3290 9
1339 2015 -6
1977 2531 3
690 1340 8
1089 1611 2
2558 3745 -1
2045 2177 5
1640 2128 8
375 1221 -4
2503 2762 6
1623 3652 -3
1561 2774 -9
2944 3673 4
361 2225 0
1558 2476 4
503 2803 5
1134 2148 -6
136 3046 -4
359 3549 -8
1930 3250 10
173 2110 -9
271 467 8
1211 3011 0
417 3675 0
484 2682 -7
2110 3073 -7
1934 2588 1
7 1296 8
265 1820 9
494 3629 -6
1087 2157 -3
1782 2719 -2
175 3095 1
295 3914 0
835 2616 10
496 706 -10
1160 2672 8
3522 3626 8
2321 2475 8
550 3386 9
3163 3693 -5
3259 3926 6
2943 3397 -2
3275 3641 -2
267 3973 -5
1241 1698 9
358 1122 0
659 2282 -6
239 3645 -2
15 1951 4
3356 3980 0
747 1348 9
1194 2791 -5
327 3879 -4
3241 3626 6
612 2291 2
1465 1978 8
870 1539 10
2961 3693 9
815 2771 7
82 3940 9
2573 2830 -3
604 3985 3
2230 3659 8
157 327 -2
310 1323 4
521 1772 -2
3353 3695 5
715 2540 9
167 3351 6
3073 3237 -8
3197 3532 -4
1416 3792 -2
2508 3724 -2
1754 3787 1
2965 3411 -5
1112 3529 7
654 2651 7
2087 2913 -2
2966 3784 1
2201 3429 8
1234 2179 10
1024 2369 -10
87 1264 -8
2786 3301 -7
379 2604 -6
453 567 -6
158 3130 -1
1190 2523 -7
1945 3853 -9
1508 3623 4
1038 2654 -1
3505 3661 7
386 1681 -3
3333 3591 5
976 2715 3
2962 3089 3
763 2836 -1
1624 2872 -2
781 1429 10
34 1909 0
305 911 5
38 2553 8
604 978 -4
1507 2472 -3
108 3780 1
195 3668 6
427 2513 -4
804 1682 -10
3138 3328 -2
204 3609 3
1021 3602 -9
417 455 -7
1193 2662 6
2939 3384 -5
793 2957 -7
3439 3670 -4
1071 1918 8
1021 2326 2
1552 2191 -3
762 2560 -6
1954 3928 5
2157 2301 -9
2231 3418 9
859 2614 0
1100 2740 10
1038 1862 -7
1370 2601 -1
1313 3787 1
2527 3682 -6
3193 3277 4
385 2465 -8
832 939 -5
821 3032 7
1144 1965 -9
392 2101 2
2663 3462 2
1061 1967 5
1372 3320 5
2227 3834 -4
134 3499 7
103 951 -5
101 841 -4
3767 3899 4
730 1049 -5
2359 2943 1
3400 3876 2
554 2809 -9
1211 3079 -2
251 1051 6
1727 1912 -4
2269 3134 10
371 594 6
942 1349 -10
3324 3450 7
2985 3755 -10
836 1596 5
908 2933 5
445 1711 7
425 1244 6
48 1257 0
1108 3223 -7
2310 3064 2
837 3632 0
2186 3486 7
1437 3893 -2
509 1588 -5
1954 3365 -5
1350 1938 10
1465 1925 5
940 2040 -1
419 2597 -9
943 3506 5
570 2766 5
2973 3758 0
222 3480 -1
122 1556 6
1570 3375 0
1604 2205 -7
3071 4000 0
2209 2315 2
2188 3424 -7
987 2236 -10
2765 3176 -10
1963 2259 -7
2428 3261 -2
938 2007 5
196 1370 4
1147 3578 6
2972 3361 1
601 2587 1
48 3835 9
289 2729 -3
251 259 0
1908 2215 -8
2234 2614 7
2781 2783 -10
1170 3646 0
432 1502 -6
2001 3574 -9
2467 3081 -5
423 2436 -4
1620 1933 8
402 1330 2
582 2200 10
1769 3453 -10
1209 3759 -6
94 2382 4
1465 3227 -5
1015 3930 7
3213 3729 4
508 3833 9
1033 2486 -9
694 2791 8
2344 3805 -8
2299 2571 2
900 910 -1
91 283 -4
913 2835 5
880 2429 6
1101 1839 8
1113 2896 -3
1591 3689 -2
2857 3020 -3
1422 1665 -10
3261 3598 7
1117 3769 7
2873 2964 -10
349 2914 -6
311 2622 -10
686 2499 9
27 648 -7
380 1675 -10
475 1040 -3
2305 2628 2
1839 2892 -5
439 2255 1
778 3670 7
532 756 -4
60 1175 -1
125 2324 -6
464 3776 5
932 3090 -5
2272 3390 1
443 684 1
1262 3490 10
169 1347 -5
1265 3007 6
1578 3238 10
2758 3512 -5
2546 3629 -7
278 3505 -10
880 3839 -3
2113 3747 6
487 3844 0
2593 2923 -4
1336 3826 -7
69 1008 -4
235 1714 7
100 3741 1
1449 3595 10
363 2394 3
1108 3036 4
415 1766 -5
661 1004 -6
1853 2372 -4
397 3146 0
385 1594 -9
2048 2547 8
234 2630 -1
441 1122 3
202 611 10
976 2220 -4
24 2002 2
846 2110 -7
806 3206 0
2408 3240 10
770 1297 -9
1883 2372 -3
59 1996 7
3113 3995 -1
1592 3620 10
920 1012 -1
942 1525 -3
85 2362 5
2942 3295 -2
1746 2259 -10
641 1533 5
971 3394 3
3183 3357 0
939 3627 -3
1226 3391 -4
1544 1980 -10
835 2752 2
295 1835 0
2746 3770 4
1941 2619 5
578 3584 -9
3310 3583 6
2439 2832 -3
33 3232 -7
1462 1803 4
1500 2058 -10
2475 3428 -8
2198 2625 2
2648 3356 -6
339 3194 -4
182 1261 8
803 3823 3
272 3635 9
2677 3010 -7
280 1015 7
1765 3682 -3
1918 2692 -5
1782 3097 -3
1961 3328 -2
2429 2679 1
601 3810 -8
608 2537 10
1695 2391 10
2901 3657 -7
1287 2071 -5
2343 2612 -10
1054 1311 0
401 3412 10
36 510 -1
2880 3719 10
1003 1265 10
2868 3372 4
2432 3973 -10
460 730 3
2227 2292 7
685 1077 -2
2954 3789 -5
596 3708 -9
904 1380 5
740 3901 9
1113 3180 5
91 1506 -6
2301 2857 2
1255 3529 -4
1224 2001 -4
2898 3372 -9
1480 3647 -3
532 690 -3
2414 2505 -2
1958 2225 -3
196 741 1
511 1570 4
2442 3506 4
2371 3037 -1
1614 2829 3
1442 2079 -4
1142 3773 -2
596 2553 -3
916 3955 -9
74 3151 -2
1796 3516 -3
877 1260 -1
560 3539 7
398 996 -10
1621 3892 10
1596 1849 -3
429 3958 3
2906 3209 5
643 1214 5
579 1687 -10
1452 3009 10
103 2926 3
808 2678 5
840 1206 -2
661 938 -4
204 2685 6
1064 1328 2
3502 3849 6
1272 2031 -6
1296 2388 -10
709 2857 10
1306 2847 -3
1281 3019 10
546 584 4
716 2981 2
530 2562 -2
1046 3381 6
815 2465 1
2654 3644 7
1926 2676 -9
955 2216 6
1720 1790 7
1639 2848 -3
3275 3927 -5
1498 2091 -8
390 1885 9
159 3450 5
2752 2876 -10
1298 1508 10
2743 3285 2
2655 3172 9
1609 2861 -4
1776 1806 7
201 2629 -6
2021 3071 1
426 532 -4
1501 3264 -7
547 1990 -5
1035 2976 -3
35 3764 6
1616 2204 -7
267 3104 6
427 2302 -10
886 2587 7
198 789 1
2147 3826 9
1942 3128 -3
281 3941 4
377 1434 -10
707 1309 9
669 788 9
2309 2548 7
378 2009 -4
555 659 -3
2315 3494 10
1902 3850 10
105 3577 -5
2060 2746 -3
3406 3763 -2
1489 3388 1
73 2312 -2
1463 3924 -10
986 2050 8
452 2079 -3
2744 3240 -10
1466 2394 -7
2094 3912 -9
1870 2218 -3
2651 2783 -3
464 2584 -7
605 1311 -1
1004 1545 -8
2165 3563 -5
1306 3573 -4
3491 3699 7
1801 3515 -9
20 3775 8
49 1029 -3
1977 3219 -4
3162 3608 7
1622 1944 -1
1286 1766 -10
715 2731 -6
59 3595 -3
2366 2398 -10
1247 3006 -3
2114 2820 1
1016 3073 -7
1885 3522 3
267 3480 -4
1875 2511 -7
550 799 -9
2795 3154 -10
393 852 3
2502 3841 4
57 2852 -7
1765 3053 -4
1871 3974 6
3423 3662 -5
890 2826 -8
1241 3541 -4
317 3193 -2
556 3475 -7
367 570 -5
894 2945 6
123 1112 -3
1086 2886 -9
626 686 -1
108 1743 3
3 1461 -4
801 1441 -4
2769 3259 0
531 799 10
2217 3685 -1
1326 3248 0
1467 2204 5
240 2047 1
1916 2296 -6
1583 3584 7
291 817 10
306 1583 4
1314 3130 -9
1635 2956 -5
2335 2401 -3
3876 3886 0
3687 3721 -10
3636 3904 -10
671 2391 -6
2185 3773 -10
1357 3887 -10
734 2676 4
180 3322 2
1701 3431 4
1750 3818 2
821 3089 2
566 1816 1
1811 3010 6
184 3148 10
2209 3056 5
2479 2880 -7
708 1347 0
331 3346 3
2538 3231 2
2087 2541 -3
1211 3136 -6
3176 3222 7
2462 3650 -9
2840 3044 0
247 3389 5
3010 3455 7
190 374 -5
1948 2611 -3
510 3210 4
3591 3622 1
590 2644 -9
645 2351 10
164 3475 -8
1387 2961 8
893 3621 -5
2885 3581 -8
545 2120 1
712 1065 0
3031 3635 -3
1011 1398 6
396 1997 2
1210 2510 8
2046 3011 2
1996 3190 7
1939 2619 4
1290 2210 6
965 3093 1
2967 4000 4
319 437 -8
2607 3428 6
814 2631 -7
1129 3689 2
2030 2141 -7
590 671 7
1369 2395 -10
579 2239 4
3428 3577 4
295 3234 -5
615 2421 -8
424 3119 -9
1105 1531 2
1086 1289 2
645 3761 0
638 2819 7
2177 3736 8
1814 3684 -10
2013 2847 -10
614 1186 -10
56 858 5
11 3596 3
3537 3870 -9
2050 2096 2
1382 3623 7
2002 2284 6
973 2408 0
1694 1939 -6
1649 2691 -7
864 3404 5
740 2843 9
450 3535 6
2566 3036 -4
1403 1588 0
2091 3911 1
1950 3972 -9
2344 3862 -7
1581 3580 -6
227 2150 -6
1185 1365 -5
2179 2748 -2
1862 2812 -7
1853 2992 9
2653 3799 -9
2393 2448 10
1424 2586 5
3635 3896 3
1479 2256 -10
713 1262 -6
2920 3096 -9
2369 2993 -1
1307 2940 -5
1453 2240 3
1680 3185 -7
2805 3560 5
1383 2898 5
820 3724 -10
233 1978 -9
2335 2564 -2
348 2453 -7
653 3439 9
1499 2184 -9
575 3785 -4
1281 1961 7
214 544 4
1266 3558 1
440 3452 3
1151 3958 -1
1180 2444 7
2740 2747 -8
2376 2470 2
2799 3061 -3
3480 3688 9
1857 3073 1
444 1477 7
1684 2098 10
596 3039 -9
2490 3659 -4
2323 3482 7
356 2532 8
674 3861 10
574 3694 10
1833 2837 6
1764 2966 3
117 1240 -1
86 3876 1
700 1295 -1
1482 3024 3
702 3327 1
12 894 0
191 896 -10
2580 3939 -10
1105 3451 -8
1915 2502 -3
1435 3851 -4
1495 1916 -6
593 1061 -1
1071 3803 5
1503 2036 -6
1318 1465 2
45 963 1
977 1172 -3
1789 3036 -6
545 1249 -2
1136 3676 -2
2517 3711 -1
89 2137 -3
1954 2322 -5
763 3808 -10
1035 2052 -3
2689 3185 -8
3461 3930 2
2441 3608 6
1109 3398 -2
2886 3470 -2
1573 1812 4
3584 3771 -10
1151 2119 9
1892 3780 1
729 2884 -6
1997 2813 6
1429 3524 10
753 1026 0
2700 3953 -2
989 3225 2
301 2070 10
634 3936 -1
54 3361 8
1649 1699 9
257 3195 10
783 1255 -3
652 3990 8
1668 2880 4
3409 3487 8
57 1565 3
987 3421 7
2287 2336 -9
674 2143 -7
987 2374 10
3428 3887 -8
2374 3392 -3
2478 3220 9
2624 3274 -3
229 1914 -2
3028 3135 3
529 863 6
3395 3831 10
1178 2706 8
2702 3086 -3
1487 3986 -9
1451 2077 4
644 2277 -6
1788 2894 -2
93 2403 10
1298 2249 7
32 1117 -7
2614 3094 6
1223 3014 -9
471 1918 0
1603 3235 6
916 2039 3
262 1515 -6
2607 3054 1
611 1174 3
1653 3995 7
2823 3389 9
209 642 7
1389 2902 -8
670 1754 -8
1346 2037 4
12 1525 -3
644 1701 9
773 805 -3
439 2622 -8
615 892 -1
3665 3681 2
1497 3495 10
850 1698 -5
774 3100 6
2691 3475 6
1532 1732 -8
689 2275 10
1162 2687 -2
2046 3939 -3
341 774 4
2306 2846 5
2500 3126 -9
1148 3957 3
1432 3487 10
1392 2102 -3
989 2917 0
3026 3522 1
2532 3953 6
1692 1990 -6
2189 2796 0
1220 3200 -10
578 3696 7
806 3331 9
357 2007 6
2155 3185 4
1064 3855 -8
314 1142 7
792 952 4
1020 3290 0
3283 3979 10
983 1422 2
661 1371 8
50 1483 4
2345 3430 1
2653 3317 10
1613 2986 -8
1948 2976 -7
1592 3866 3
470 1022 -6
194 3598 4
596 1134 -3
3245 3350 -10
1352 3103 4
1319 2926 -3
570 3296 8
2332 2565 1
1457 3799 8
1173 2054 8
2336 2684 -9
1438 3291 -9
3168 3480 -1
389 1191 6
611 2021 4
1442 1949 7
162 919 4
160 809 -8
89 2326 0
1637 2804 6
1346 1837 1
88 152 4
860 2883 4
474 3076 6
1136 2000 -8
3604 3875 9
2831 2905 -5
2597 2738 2
824 3081 -4
1085 3122 -7
185 879 -10
950 2668 3
1756 2243 -3
3370 3600 -7
2098 3929 0
682 2853 2
304 2907 7
65 181 -4
1372 2253 3
2757 3750 -8
1709 3824 3
116 2563 -7
393 1151 -4
2074 3693 -7
725 1624 8
506 762 -8
1194 2368 -5
2099 2474 4
2138 2402 8
1907 3701 -1
1024 2859 2
136 2168 9
148 1239 10
481 3105 4
1004 3146 10
589 689 -4
346 931 -7
2030 2990 10
1328 3243 4
15 3046 10
1307 2366 -7
2091 2182 -4
2700 3458 7
1060 2903 -5
196 1108 -7
1980 2351 10
2627 3919 -7
1257 3942 3
154 882 10
25 997 10
1330 3437 8
1278 3772 6
2430 3984 9
439 462 4
129 3683 -8
936 1039 -6
1557 3601 4
1393 2675 9
2628 3181 10
415 2993 2
102 318 3
578 2462 5
2219 3656 3
175 1062 0
2301 3466 0
147 3178 -3
558 2749 -3
1877 2909 -5
853 3340 10
1157 2031 -9
2449 3071 2
1328 1391 -10
1978 2668 4
109 3044 -10
2377 2902 -8
135 1784 9
694 1482 9
1494 2326 -1
1755 2101 5
3093 3523 -3
149 3116 4
562 2531 -2
2418 3879 -1
465 2827 1
62 3871 -3
561 845 3
1479 3105 3
1138 2812 -8
2731 3292 10
726 1821 -3
561 2013 -4
1434 2581 -9
262 899 -9
2784 3074 0
335 623 2
2181 3498 -6
1928 3089 -4
1962 3905 -4
384 2996 7
1053 3091 -7
1094 2634 -4
2009 3199 3
3060 3359 -9
434 1541 10
305 1656 -1
3878 3991 -4
22 2270 9
92 1777 -3
291 674 1
778 2253 -8
1893 1940 3
423 564 4
3437 3467 -9
276 2537 -2
1527 1819 7
586 1036 8
2132 3390 -4
1430 3872 8
270 507 6
2584 2733 -1
1656 2872 3
672 2244 -6
138 4000 3
3 3546 9
1112 2893 -9
1527 1711 -3
1139 3521 5
143 816 8
719 2669 -8
165 1100 8
525 2840 3
196 1618 3
2632 2750 -5
2771 3848 6
360 1460 -6
1089 1835 -7
2259 3444 0
1739 2883 -8
3407 3951 6
986 1599 2
945 3547 8
939 1258 -10
3712 3769 4
462 1858 -9
987 2497 5
1857 3814 1
1757 3583 0
3338 3972 -3
526 3950 -4
870 1279 3
2917 3915 -8
126 3750 -3
1798 2537 8
1862 3232 -6
2187 2763 6
532 1930 -3
623 3509 -8
1507 3004 -6
420 706 -2
1075 3081 9
338 3727 8
1763 3374 2
677 3193 -1
5 548 -3
571 1225 2
947 3956 0
2862 3467 4
2416 3646 -3
1184 3145 2
1183 2920 -4
1744 2435 6
207 3055 -1
762 3802 -4
1128 3371 -3
2735 3749 -10
97 2365 3
260 3820 0
418 1410 3
1982 2320 -4
1035 2217 -10
25 2583 -6
3066 3071 0
1927 3552 9
1858 2964 1
3516 3802 8
3005 3357 -1
1198 2625 6
995 3986 6
2307 3958 -3
999 2415 10
505 3112 -5
1100 2238 -1
162 1955 6
2727 3534 -3
676 2176 9
791 2651 7
285 2025 -2
749 2654 4
346 3469 -1
1120 2826 10
2239 2898 -3
1654 1979 10
2191 3904 -1
66 2368 -5
1124 1521 8
126 2382 10
774 1371 -3
1572 3108 5
572 3408 2
3032 3702 0
489 3639 -8
635 3464 9
690 3134 -4
800 1545 4
1963 2212 -5
31 2266 5
1058 2069 10
1264 2174 -1
1030 2007 5
1671 3501 5
647 3703 -4
1927 3686 -1
122 812 0
3377 3592 2
1231 3165 -7
534 3008 -8
816 3889 -5
1588 2419 -6
2613 3610 -9
1367 2945 7
837 3948 -6
1150 2193 0
804 3771 9
2203 3217 -5
912 3304 7
1972 3055 -10
3148 3890 1
837 3130 7
2853 3972 -4
2085 3346 -6
1058 2082 9
944 3229 -10
1587 3106 3
367 3891 -10
389 3421 1
2075 2106 -9
2722 3674 -7
767 2778 5
2035 2707 6
1934 3564 -1
2500 3975 -3
1536 2242 -5
932 1044 -9
1275 3369 10
2899 3162 -9
2040 3172 10
1744 2127 3
703 928 -2
1071 1095 6
2746 3105 3
1746 2173 10
3609 3968 -3
1838 2701 8
2008 3341 -6
2803 2821 -4
948 3132 4
1214 1790 -7
3077 3326 -10
394 479 -5
1255 2730 9
1506 2083 5
1552 2199 0
122 3403 2
912 1344 6
1395 2481 9
1774 3066 -6
2964 3799 8
550 2160 -3
70 1523 -9
2107 2946 7
1343 1796 4
333 2162 4
49 417 0
1432 3302 5
955 3377 -5
330 3325 -7
662 1812 0
2649 3643 -3
1652 1733 9
1261 3834 -4
1591 2019 -7
1405 2795 5
3123 3684 1
2323 3594 10
1532 3775 -5
1330 3560 -1
392 1062 9
1656 2269 5
491 775 -7
195 1945 1
2932 3042 -10
1493 3968 -4
3533 3676 -7
1712 2780 2
1333 3686 -9
223 2128 10
2480 3591 -4
1614 2393 5
2370 2901 -1
36 2423 0
3248 3813 5
352 673 0
2788 3828 2
2280 3358 -6
2008 2670 -3
845 3989 -7
3704 3800 -9
108 1252 0
1270 3909 -10
2889 3358 -3
3004 3079 8
77 2316 6
502 1556 -8
1281 3509 -7
467 2767 1
890 1409 1
229 1892 4
141 1025 -5
1770 3148 4
644 3302 5
2375 3258 -10
649 1431 -5
1172 3458 -10
1846 3143 1
303 2780 -9
2693 3015 -5
2577 2840 -4
2049 2455 -2
2262 3731 -6
586 3253 -10
391 1028 -10
732 2489 -4
2669 2779 1
1074 1206 -1
2956 3775 -7
672 1428 -1
1282 3572 0
2175 2392 6
2622 3606 -8
1908 2802 -3
602 1369 4
1290 3692 9
297 733 1
1061 3869 3
627 3348 8
128 3435 -5
119 2568 4
777 2245 6
765 2908 8
1603 1829 -4
2735 3146 -3
2370 2459 -9
469 2802 4
1919 2708 -6
1574 3693 10
189 1930 -1
1673 2423 -1
1198 2130 3
1213 2667 3
1118 3598 2
149 1521 9
375 2736 -9
872 3542 -8
1268 1327 6
1619 2833 1
3587 3897 -4
2780 2865 -6
1593 3598 1
846 2092 -5
1675 3637 -3
2253 3348 7
1742 2415 2
446 2158 0
1585 2431 7
869 3015 7
1459 1797 -2
1111 2777 -8
63 407 9
1219 2081 -7
1870 3997 -10
2004 2536 7
378 418 7
379 3501 5
1611 1787 7
300 2979 -7
3314 3859 9
456 486 -2
2646 3171 -7
1915 3366 -1
2911 3856 10
2147 2706 -3
521 588 -7
1725 3471 -7
227 3524 -6
1816 2542 9
1213 1983 0
2166 3069 -6
2178 2894 -7
1549 3137 6
1334 3212 4
1308 3977 9
767 3330 -8
1640 1683 10
912 2930 -6
1259 2745 -6
2038 3715 -1
359 539 -1
931 2162 5
1738 3911 -3
673 1372 8
3136 3169 -8
221 1477 -3
708 3810 5
257 3120 -1
104 2649 -10
231 1670 -8
931 3330 3
2116 3490 4
1335 3679 10
1591 3376 -2
1515 2563 -5
713 892 -2
1864 2222 9
1858 1919 5
225 1074 -1
1252 2863 1
751 2352 5
71 607 9
2036 2679 2
2149 3788 -4
2991 3545 2
2898 3354 8
1459 2294 -1
2209 3546 -5
347 2124 -5
3325 3835 -6
1136 3038 -9
898 1180 10
566 2427 -7
3217 3484 10
99 3715 -1
375 2307 9
946 3062 3
1488 3116 5
925 1956 0
793 3988 -2
1292 2423 -5
209 3708 9
1938 2800 -5
23 3023 -6
491 3542 5
697 3647 -4
93 234 -3
2964 3546 -5
1939 2880 -8
583 2084 9
2486 3278 1
1336 2816 7
887 3663 -4
2242 3268 -4
833 3134 6
934 971 -7
3465 3720 2
1503 1653 -1
2234 3858 4
184 1907 2
2571 3857 -6
2326 3797 5
2097 3974 -6
2238 3684 8
526 3778 -3
947 3542 10
210 2983 -7
1885 3007 10
3067 3916 1
3397 3562 3
131 3104 2
275 2331 9
1297 1790 -1
1125 2501 1
46 293 8
2671 2869 8
2301 3107 -1
742 2211 6
838 2444 5
1203 2542 4
905 2619 9
741 3908 -8
735 3605 -8
324 2573 -8
897 1977 -1
186 2114 -10
1201 2617 -6
585 2385 2
2930 3924 -3
271 1929 -2
3791 3960 -9
363 2457 -5
1109 1752 -1
498 1827 1
2511 2664 -9
938 2099 -10
649 1996 -8
531 1223 -8
1708 1788 0
873 923 1
1883 2543 -5
7 1711 9
444 3698 -4
965 3141 1
805 3677 -4
1283 1989 -7
2091 2428 10
2526 3817 -4
485 3443 -10
760 1167 -5
1068 3269 2
247 1585 -8
1692 3096 1
24 1247 9
2058 2143 2
1784 2806 -4
413 2412 -5
444 1725 4
2935 3584 -7
1328 1745 6
305 2586 3
2545 3843 -7
2159 2316 2
289 3773 2
1968 3273 1
770 1602 -4
205 369 5
2925 3017 3
693 3341 -7
533 1137 3
476 2818 0
928 1895 -10
805 2993 10
324 1902 -10
1776 2406 0
542 1078 -10
251 377 6
1493 3515 -9
2465 3153 -1
1756 1939 0
200 2546 5
209 3763 8
887 2429 -6
435 3022 -6
162 2375 10
1934 2332 4
1517 2717 3
2289 3728 -7
2598 3022 -8
2013 2103 -9
2145 2222 4
1120 1970 -9
200 1741 -1
212 3027 -1
1896 3100 -3
1251 1901 7
3098 3429 -2
2298 2585 -9
3669 3955 -1
1253 3933 -4
1466 2994 -7
126 479 3
681 2953 9
282 1221 -4
1563 3829 -7
965 3651 6
1564 2253 0
2226 3392 -2
517 751 -7
1733 3459 -5
274 1747 4
1495 3816 9
2494 3291 -4
548 1232 -5
563 2560 0
2995 3987 3
512 757 -9
209 756 -4
1512 3123 -9
622 2322 6
980 1801 -2
18 1124 8
229 3559 1
1495 2890 -9
2015 3185 -6
946 1399 -4
1219 3480 1
1945 3355 -7
1513 3432 -8
2 1301 4
2223 3070 0
805 1396 1
2447 3458 5
1739 3371 -7
858 3622 3
2496 3350 1
2191 2714 0
1293 3321 -8
644 2875 -2
623 3984 -6
1763 2681 8
1286 3547 -6
305 413 -1
1507 2203 -5
1796 2077 9
2472 3114 2
323 2187 5
23 2420 7
1547 2275 -5
34 3747 9
2642 3939 4
1868 2855 -4
833 2639 -3
561 1951 7
657 1888 -9
2064 2915 4
3280 3408 10
1475 3274 4
1698 2794 0
1120 2817 -2
2447 3592 -4
3137 3773 0
969 1638 -1
2106 3033 8
2284 3305 -8
1381 1582 -9
1797 3446 0
487 1305 8
1268 3102 1
1473 2339 -2
3059 3072 -3
1538 2697 -3
896 1244 -4
968 1120 2
1432 3964 -1
367 3640 -3
744 3361 -7
2721 2784 -7
65 2255 5
1505 3688 -4
2788 2959 8
286 3651 -1
1227 3451 7
1908 2388 -1
397 486 -9
1720 2566 -10
2618 3716 -8
221 3936 1
207 3772 1
47 107 7
298 1675 8
1184 1539 5
2978 3241 9
924 2137 10
2207 3852 -3
1364 2409 -7
676 1483 9
2966 3086 -7
874 3713 9
2128 3973 8
836 3192 9
13 3125 -9
1885 2754 3
701 3004 -6
360 2674 -4
661 3834 10
1246 2538 -7
769 1418 -3
192 2309 6
2483 3504 6
308 2376 5
72 3331 -4
2200 3152 -5
1667 2423 6
3091 3094 8
2349 2457 -5
1683 2633 7
1492 3065 -9
119 2625 4
1089 1665 -2
1135 3996 -2
1465 3871 -3
756 3182 2
2179 2985 -3
1407 3637 2
2009 3971 4
1264 3588 2
2626 3152 -2
993 1553 -1
2051 2921 5
413 2964 -3
609 624 3
707 3145 8
3293 3615 0
397 2956 10
2350 2988 0
560 1442 -2
2351 2395 8
2798 2855 -6
1636 3581 -8
1412 1887 4
2155 3917 3
2998 3145 2
1461 1779 -8
1982 2942 3
466 696 -3
1749 3643 2
211 3624 4
118 3396 9
983 2154 10
2514 3217 8
420 994 10
20 3504 1
337 996 9
1500 1626 -3
261 2398 5
937 991 3
3476 3564 3
1375 1631 2
2892 3513 -2
2119 3297 5
352 3455 1
92 118 9
1661 3422 8
2343 3456 -8
1686 3186 7
1120 3448 -5
1460 1796 -3
476 1168 -10
2134 3992 -9
1232 3366 4
1003 3048 8
395 3165 -10
2483 2833 1
1557 3836 7
3162 3350 1
965 3143 -5
2221 2540 10
827 3438 6
703 1416 -5
964 3443 -10
2576 3936 7
113 1587 0
2267 3824 0
1324 3197 -10
3237 3803 -8
2135 3560 -6
658 3228 2
1339 3626 9
2025 3136 3
662 3347 0
724 2535 10
1668 3801 3
730 1303 10
1142 3462 4
1633 3965 8
520 1429 -8
556 1123 -5
1657 3090 8
1308 2182 -5
1199 1229 -7
903 2362 3
96 613 7
1309 1589 -6
239 921 9
2690 3647 -3
2027 3037 -7
2378 3789 1
817 2066 2
386 567 0
2930 3484 5
170 3652 -8
608 2602 10
2877 3365 0
1705 2878 -8
1275 2247 0
631 2182 1
2864 3022 2
565 2087 -9
2042 3853 7
1247 3353 10
378 3429 10
488 1086 10
1205 1895 7
1124 2990 -7
1887 3686 2
519 1567 -2
2231 3230 -6
598 1631 -6
656 3824 -3
1127 1194 -1
2940 3138 6
593 2721 4
341 3668 -5
670 3843 -8
1869 2181 -3
1014 1438 -1
631 3363 4
103 763 5
3368 3965 -8
3041 3570 3
138 986 5
3904 3945 -6
20 2162 0
186 882 -6
603 1924 -6
678 2512 7
740 1175 -5
234 1569 6
41 3389 9
2971 3632 -1
152 2173 4
1633 3644 0
348 1819 -5
186 2989 -8
519 2869 0
1083 2682 -5
1193 3079 2
859 1513 5
728 2225 4
867 1337 1
1735 3776 0
780 1863 3
890 2260 8
752 1801 -3
877 2964 -1
478 1003 3
1909 2653 -4
1124 3595 4
3214 3861 -9
1638 3321 -3
2164 2842 4
624 1242 -7
2229 3008 7
1274 3310 -6
310 1540 -3
143 380 0
79 890 -4
1039 1686 -5
1670 2492 -4
524 1240 -4
1314 1396 -7
1897 3437 -6
365 2415 10
1452 2269 9
746 3275 -2
925 2523 -8
2029 2775 1
2841 3656 -3
1731 2852 5
354 2936 -7
1615 2906 7
2749 2835 9
524 3347 10
1110 1458 2
14 3770 -9
3241 3977 10
378 785 9
228 3470 4
508 3524 4
1316 2731 -2
3537 3746 -7
1439 2801 -2
2741 3775 -9
628 3525 1
316 3704 7
534 665 -1
2199 2445 4
862 2416 -1
807 2480 -9
920 3818 2
1633 2973 -2
776 2349 -1
2148 2335 -9
699 3297 -7
45 2544 0
654 3820 3
2612 2735 -1
485 2816 10
221 1723 7
1107 1587 4
728 736 9
2890 3359 -7
734 2244 -10
403 2373 1
1712 3094 -8
411 3954 5
2109 3962 -3
1588 3472 -2
1637 1873 -4
259 1089 -6
670 2838 2
1043 1134 6
2834 3090 -1
26 2278 3
368 1261 5
1174 1590 -10
656 1664 -1
867 2076 -1
1070 2435 -3
3072 3083 1
2774 3160 8
392 1739 6
3186 3370 -10
504 2145 -6
3069 3953 -1
2484 3034 9
512 693 -10
739 3890 8
930 1206 6
928 2328 10
2211 3060 -5
2536 3345 8
1335 2194 -5
168 1822 -1
298 3100 -9
456 1700 2
2008 2179 -7
1306 1907 10
1144 1845 -8
1277 2603 9
2096 3460 -6
1674 2010 7
2271 3986 3
750 1396 -1
423 1001 -1
1598 2954 -4
113 2273 2
264 3637 -4
1486 2898 -3
304 1989 8
1906 2023 6
1756 2493 10
1706 2901 7
384 1460 -5
728 1004 6
435 2408 10
149 2051 10
2210 3602 0
2213 3348 10
1953 2714 -7
298 3342 4
2149 3592 -9
572 878 1
1193 2208 -4
166 190 9
995 3684 -3
509 529 7
3632 3796 2
308 1707 -3
1823 2496 5
413 417 -1
1390 2385 -4
739 3327 8
2828 2954 -6
343 883 -2
3307 3339 7
143 448 -7
3014 3760 1
165 2947 6
1667 3272 -2
80 99 2
3236 3809 -3
1427 3970 3
1217 2928 -3
148 2899 -7
1445 2563 -10
3174 3870 6
1661 2861 -4
2808 3483 0
2111 3555 -5
2455 3136 9
232 1028 0
1418 2810 7
1099 3996 -8
32 3074 10
2112 3901 -4
1819 2107 -1
2643 3308 8
1696 3205 -9
1412 1460 -7
1703 1932 -1
2878 3848 -9
1059 1601 8
761 1907 -4
181 1332 1
339 2443 10
583 1083 10
693 1480 -5
2606 2608 2
221 1899 -1
909 3993 2
2280 3606 8
611 2084 -3
1027 1999 10
153 3192 6
750 3182 -9
1278 1352 8
1493 2472 2
1097 2243 -4
2529 3263 6
1224 3452 9
632 3311 6
1148 2181 7
2433 3969 -9
843 3531 -2
2393 2621 0
651 2772 9
1862 2167 0
23 2974 -10
1000 3599 -8
131 935 -6
2439 3383 5
523 3152 9
624 3204 4
1756 2306 2
481 3155 10
1205 2957 10
2372 3972 7
122 1007 2
2210 3644 -5
514 1504 7
1871 3168 -3
374 3150 -2
614 2085 4
2049 3174 -3
717 1274 4
173 3510 -1
512 2747 -10
1616 2245 10
761 3451 -7
1478 2540 -4
1748 2135 -9
2775 3695 -7
459 2857 0
1983 2712 3
2783 3290 -2
1502 3836 0
3098 3796 10
113 1402 9
1608 2771 -3
853 3161 -10
2473 3478 -5
1829 3413 5
2426 3403 -2
57 1241 -8
1091 1757 8
206 1714 -8
65 1775 1
1259 2509 -10
2886 3280 3
3653 3681 6
91 192 1
1813 2543 3
1110 3554 -10
1643 3788 -1
1911 2785 -4
2453 2839 0
1183 3278 -5
1846 2841 2
3367 3933 2
2424 2552 -9
151 3067 5
2057 3024 3
1831 3206 1
330 1763 0
1588 3219 7
2756 2998 -8
422 2520 4
642 2294 -1
1519 2567 -7
2262 2611 -5
1355 3627 4
622 2581 7
1730 2521 -5
281 2022 9
669 3299 0
448 3596 0
3125 3659 -3
1583 2444 9
2037 2385 -8
1056 1466 -3
440 968 -6
276 3755 4
1771 3434 -6
955 1828 4
910 2580 6
3599 3929 10
32 2082 10
674 2074 4
400 788 -9
1523 2285 4
1443 3982 -3
2047 2699 -3
1155 3057 3
1308 1313 -7
48 750 7
3544 3885 4
3511 3708 -5
1751 2822 -5
2236 2571 8
1845 2457 -3
974 3130 8
1196 3179 -2
2082 3043 -5
984 2542 -3
636 3256 9
2114 2995 -6
942 3299 0
1086 3987 5
74 1274 4
2455 2507 -8
2486 2574 1
373 3556 -3
388 912 1
2468 2971 9
1934 2512 5
1740 2003 8
2907 3018 0
2014 3932 6
2516 2867 6
735 1141 5
1824 3808 1
1969 3408 -4
312 2206 -2
3290 3429 10
230 861 -5
1068 3946 4
1548 3351 -1
1902 3354 9
350 1451 -10
1093 2956 -5
2022 2187 10
399 3033 2
2296 3924 -5
1573 3300 10
1110 2078 6
1156 2194 -3
600 3962 1
1635 3131 5
163 928 -9
144 649 -4
2182 2482 -6
41 184 7
1142 2151 7
557 3218 2
1822 3078 -6
540 770 -6
115 2055 6
1868 3948 -5
1912 3237 -3
2454 3291 -6
3491 3553 1
2044 3127 -2
1897 3602 9
906 1278 0
734 1925 -4
390 1886 -9
441 2346 3
704 3214 -4
1819 2901 8
1007 3023 -4
1418 2328 -8
542 2923 5
313 3100 -6
1526 3322 6
1534 3671 -9
348 3057 3
805 2744 0
1080 2454 2
1938 2485 -9
708 2582 1
317 2926 9
3252 3284 8
1805 2858 -5
1196 3568 -9
1180 3035 1
1108 3455 -9
2668 3233 -5
163 2230 -6
852 991 2
871 1004 10
256 3589 5
1670 3838 0
2449 3310 -4
1566 2963 -2
1210 3853 -10
1316 2788 1
1889 3616 -8
91 260 4
2277 2974 9
532 3645 2
2680 3364 0
519 2134 -6
981 2165 -6
2498 3552 5
483 3874 -6
1343 2517 7
293 1498 -5
909 3753 -9
1664 2868 -8
1698 1927 -8
755 1300 -9
58 1143 -3
1837 2796 -7
1737 2858 8
2537 3436 -9
1769 3793 0
1323 3972 -10
1890 3036 8
217 2829 2
3134 3547 5
1969 2053 5
2318 2961 -9
1473 2869 -6
430 843 -2
1414 3228 4
1317 3524 0
3616 3937 -7
897 1662 8
915 3931 9
1704 1876 -6
775 1147 3
458 3426 -3
1447 2708 -5
473 516 8
2312 3681 -2
1555 3473 -2
1904 2166 9
842 3537 3
1785 2703 -2
1902 3288 5
1495 2641 6
3112 3212 -1
696 3190 5
3342 3674 7
37 3490 -10
2788 3502 1
171 1275 4
2392 3273 0
448 1812 1
78 818 -9
494 696 7
462 1158 4
557 1166 3
130 1624 -1
1484 3542 -7
1010 3363 -6
857 2855 -3
46 1401 -9
131 3394 -3
2698 3851 8
12 3739 -10
1127 1440 5
3661 3669 9
1754 3753 2
3492 3860 4
2220 2240 2
2151 2406 10
1461 3945 5
2483 2650 5
1821 3699 5
2248 3012 4
1146 1803 -9
124 129 10
34 1633 2
3133 3634 -3
471 2159 -4
1835 2550 -5
553 1703 -9
2452 3421 2
1134 3671 -6
1079 3735 -8
602 1861 9
177 894 9
1190 2031 5
433 591 5
1076 2912 8
1666 1731 2
3271 3460 -6
456 723 -5
1861 1906 -9
178 2701 10
1299 3600 -3
2176 2183 -2
2293 2768 5
72 733 2
2454 3588 10
373 3061 6
2809 2998 7
476 530 -9
1534 3847 -6
2439 3990 10
130 1879 -1
1315 2268 -6
360 2304 -3
1280 3213 -10
887 2464 -7
1358 1591 10
3757 3861 -1
717 1531 -7
211 1134 -1
467 2817 10
1542 3334 -10
597 2109 -7
2322 3711 -7
446 2879 1
1375 3342 10
98 3593 8
2976 3417 -4
3057 3113 4
1837 3898 7
237 261 4
1979 3493 -6
1788 2693 7
683 3465 -4
471 1367 -7
3423 3584 7
639 3395 7
1007 1347 6
384 2122 -2
1478 2918 7
2066 3088 -7
933 2071 -4
1706 3455 1
2306 3679 5
755 2415 4
1450 2940 -6
1953 3268 4
174 1386 3
1580 1774 -4
2708 3844 8
3613 3721 6
3291 3707 10
1610 3868 4
460 3177 -1
264 3265 -6
900 3183 -4
872 3121 -1
775 3417 4
2241 3856 5
1366 3858 8
1569 3463 -10
10 352 -2
2999 3656 6
1311 2121 10
464 3942 10
2024 3225 3
2982 3423 2
3056 3372 7
1633 3340 8
2679 3156 -4
1706 1832 -5
2251 3618 -9
1236 3640 7
207 987 3
1616 3107 8
2958 3739 -7
3400 3855 -7
1825 2463 -9
748 3822 -3
426 1556 -3
169 1634 -1
3576 3788 0
2312 3749 -9
247 278 -8
68 2521 5
1769 1780 -7
2147 2635 2
2586 3988 -4
367 2265 0
141 1693 -9
1108 3431 -8
521 3671 1
875 1917 -8
3091 3342 -4
1630 3018 10
1337 3439 3
788 2968 -4
1631 2196 5
2971 3691 -9
2874 3987 7
1432 2481 7
3656 3730 -8
3174 3727 7
533 877 -9
2019 2426 0
1542 3026 -3
258 2106 -4
705 3320 -3
517 1283 -5
2478 3650 -6
664 3962 -3
2703 3997 9
3147 3745 4
817 2743 -6
1758 2543 7
1420 1730 -5
3333 3383 0
971 2163 -7
2617 3701 8
3401 3517 1
212 539 0
630 3038 -6
3142 3522 -8
1607 2495 -7
268 1602 4
109 828 -1
1979 3306 9
520 2348 -3
248 3875 7
2104 2254 3
1555 2978 0
909 1756 -2
2638 2834 2
728 2647 1
788 3452 3
965 2102 -4
2983 3246 3
1658 2554 2
913 1646 6
600 1186 -9
1336 2503 7
918 2515 -1
2329 2493 -10
2 3940 3
1853 3961 -10
2990 3407 9
416 2762 5
1371 2231 7
18 3655 9
1812 3371 -9
3264 3875 -3
203 2654 5
1457 2685 7
2053 3433 -7
2466 2848 8
1220 2449 -6
1562 3381 1
935 1004 0
207 1497 -4
686 1431 9
2081 3387 4
1802 3972 7
1962 2160 9
802 3979 9
1907 2224 4
129 1964 5
913 1780 2
429 3653 1
692 2306 9
323 1914 -10
550 2896 -10
1842 2216 4
1764 2525 3
977 1657 -4
512 3772 10
887 2895 -10
1467 3470 4
2598 3138 1
237 800 4
2351 2443 -5
106 1808 -1
723 3174 -8
888 3012 7
1118 3703 -3
447 3535 8
115 2796 2
309 1090 8
1197 3767 -5
288 2724 3
2355 3501 10
1875 2864 -5
1705 1958 1
997 2366 6
830 3192 -3
133 1803 -10
280 510 0
2328 3748 -8
2763 3676 -8
292 749 0
1207 2068 7
1652 3650 8
3078 3199 5
1535 2836 -9
205 2029 7
253 2743 -5
1429 3312 4
1577 2015 1
2203 2706 0
603 1809 10
2755 3448 -10
145 177 7
3316 3781 -7
1762 3000 5
726 1391 2
581 744 -4
3535 3559 -1
377 2405 6
1318 2205 -3
1518 2495 -10
545 1171 4
2888 3869 -8
1465 1851 1
2218 2583 -8
329 3798 -2
2092 3935 3
528 709 7
1040 2318 -8
529 1348 -7
1636 2837 5
2711 3354 -2
1458 3999 10
116 657 -6
43 3296 5
160 434 8
722 1864 6
1124 1386 -8
2970 3241 7
746 1174 -7
1970 3248 9
933 1939 2
1459 3446 6
467 3866 -9
1238 1757 -1
1143 2917 -4
538 3517 -4
2695 3773 -10
76 682 3
3102 3639 6
1464 3682 2
756 3861 3
1222 3102 -3
1655 2166 6
3210 3357 -2
2401 3942 5
407 674 5
917 3634 10
2089 3855 -10
1213 2235 -5
277 564 4
941 1776 -2
2181 2397 -8
3169 3935 -10
406 1617 1
674 3354 -9
794 3685 -5
326 1890 2
100 1547 -6
1719 2982 -1
2013 3200 -5
941 3883 2
713 1252 -1
3481 3648 7
483 3944 -3
2473 2811 7
2488 3614 3
221 682 -5
1321 2949 -4
2735 3198 4
1191 3068 6
248 2441 6
2470 2863 3
457 1568 1
3187 3672 -2
671 1497 0
1015 3293 -10
2388 3504 -1
461 2441 3
1577 2996 -5
1042 3655 2
2571 3625 3
977 3940 -1
2343 3209 2
699 3437 -7
291 2151 -1
1972 2478 -7
1307 3522 -9
157 2565 3
2624 3343 2
1378 2944 -4
264 3859 -10
1022 2491 -2
1736 3820 0
434 1045 -5
69 129 -1
2577 3618 -8
1422 2317 -2
2513 3633 -2
1174 3006 -3
515 3333 8
859 3897 -7
567 2971 -5
89 717 -7
1554 3641 1
155 3966 5
1652 3718 -7
2078 3826 -1
2810 3223 -7
1115 3715 -1
1387 1959 -3
862 3269 9
2224 3062 0
1384 3085 -9
649 1175 0
1411 3484 6
922 2273 -9
1567 3731 2
722 1690 -2
47 2009 -2
1571 3850 -2
36 3348 -10
480 2278 -1
234 825 0
2663 2772 -10
1501 3498 -8
601 3507 4
494 3344 4
918 2625 -1
2383 2839 -8
3343 3820 -5
911 3790 -3
173 1609 3
2843 2945 2
2208 2434 -9
983 2875 -3
2134 2256 2
2614 3647 -9
64 2605 -8
2706 3879 9
134 3869 -4
994 2512 -9
3 151 -6
1330 3104 6
31 3596 -5
270 3878 -1
2634 2663 -6
53 2079 -4
991 3530 0
731 2933 -3
1320 1756 3
697 2531 -9
740 915 3
2653 2797 -1
889 2472 0
343 3467 1
1033 3648 -9
2209 3022 -2
850 2480 9
2057 2399 4
240 2965 0
3175 3552 -4
2938 3087 -8
1320 3045 1
1657 2172 9
399 3897 0
2695 3036 7
2724 3508 4
833 2139 -2
2868 2964 0
1839 2297 -4
775 3366 -4
2330 3554 6
121 627 10
3075 3442 -5
1202 2127 10
137 342 2
1043 1316 -7
2507 3106 -2
881 3240 -2
676 2727 -7
1402 3356 -5
562 3608 -8
211 641 3
758 1039 9
2425 3454 -6
183 2565 -5
697 2786 -4
646 1737 3
419 526 6
1741 3172 0
2367 3634 8
796 1681 -1
2745 2762 -8
100 931 8
1072 2784 -5
1156 3421 -10
3071 3686 -1
772 2263 -6
168 3280 -5
823 2494 5
2275 3227 1
1652 1787 1
1399 2132 5
129 2571 7
1790 3185 2
1404 3378 -3
1238 3611 -1
1002 2846 4
1062 2631 -7
246 2045 9
41 593 -1
2300 2883 1
2869 3040 1
679 3095 -10
2264 2408 -8
210 3290 10
1323 2379 0
773 1158 -8
2519 3600 10
1208 2806 7
3496 3811 1
595 1825 -7
1895 2955 10
2047 3726 2
1455 1636 -6
1651 3497 -2
374 1533 -6
422 2284 -5
2022 3669 -8
1187 3807 6
865 1807 3
877 878 7
475 3278 4
605 3802 -10
216 2300 1
1587 1913 8
1284 1875 -4
1509 2222 -6
511 3645 0
3637 3800 9
462 491 6
367 3637 -9
1142 1647 10
1513 1590 -10
3831 3935 10
630 2411 -2
1645 2160 1
1418 1703 -9
599 617 10
1537 2563 -10
1375 3696 -10
1882 3500 6
1928 3616 -5
211 1380 -8
173 630 10
71 2834 2
697 3525 -5
265 1616 5
251 1718 -6
1488 2297 3
1269 1701 3
443 3874 -4
358 1026 6
26 287 1
1208 3182 -10
304 3944 3
2215 2518 8
28 2319 -9
3212 3647 -4
953 1091 -6
1792 3849 -2
1429 2777 -10
184 4000 6
2515 3160 1
2335 3724 -9
694 2035 -5
2390 3394 -4
383 1621 -3
166 3084 -4
350 1673 0
2387 2867 9
819 2417 -7
1158 3832 -1
927 3411 -6
1968 2883 6
868 1555 7
1115 2415 -10
580 859 -1
15 3036 9
713 3832 1
2408 3047 8
1821 3516 6
281 647 -4
2331 3995 -3
650 1453 6
1331 2834 4
469 3098 -6
1065 3883 8
831 1730 -2
133 2102 5
847 1445 4
83 295 3
895 2388 2
1433 3232 4
2591 3518 9
157 3627 5
776 1915 8
792 3091 4
1169 1617 10
2459 3520 -9
1184 2383 -2
375 1756 -6
1359 2909 -8
622 2387 -2
1119 2439 -6
410 3928 -2
1316 3707 -8
184 2161 8
1407 3071 7
560 1923 9
1561 2491 0
274 2054 -2
642 2221 5
725 3158 -3
212 3576 -6
2612 3819 -2
2601 2943 -10
1013 1346 -3
2967 3000 4
2225 3595 3
1469 3023 6
275 828 1
413 3687 1
117 2642 -2
1934 3244 6
258 1534 -4
22 503 8
643 887 5
764 1113 -6
1843 2338 0
776 2170 0
1020 2530 -4
204 3176 10
1026 3742 6
1531 1928 1
2185 2452 -7
2625 2724 4
634 1942 4
1188 1296 1
547 2697 -1
356 685 -3
1063 1301 -7
2169 3383 -1
165 3534 5
509 1129 -10
1438 1592 -8
999 2713 -5
3010 3181 -1
860 3049 -10
2611 3849 1
1310 3514 0
2425 3201 -3
3077 3127 9
1377 3689 10
1867 3553 -2
2624 3266 5
795 2775 -1
210 1627 0
400 970 -9
1021 3532 -7
966 3596 -5
1433 1756 1
1302 2993 -5
1773 2578 2
486 1387 5
1994 3220 -8
650 1495 2
1672 2940 -4
283 1967 8
3339 3369 1
1054 1844 8
2511 2692 -10
1016 3309 0
145 2033 -2
213 447 7
333 1037 3
663 912 9
2027 3518 -2
831 2482 7
2283 3215 -4
211 2737 10
2970 3098 -7
764 2657 -5
910 1728 -4
3107 3369 -7
908 3079 7
216 2034 5
3846 3937 6
2781 3613 -5
1074 3785 8
1547 2019 -9
857 1801 6
1669 3702 6
977 1903 -8
837 3549 -3
1811 2065 -6
1150 3780 5
2476 3916 -10
977 1085 -3
1108 2322 -6
2697 3097 2
2397 2805 6
3309 3853 4
150 1572 3
1745 2879 -3
425 1511 -5
301 1741 -7
2764 3272 -1
155 640 -5
676 2032 4
1772 3426 -3
2682 3876 1
309 2275 -4
1570 2245 7
371 3907 -3
558 1747 -9
852 1736 0
802 2144 -5
470 651 8
258 1226 3
1423 2720 1
1240 2784 2
97 3752 2
2979 3052 -6
2280 3051 -6
576 754 3
2239 3693 0
1311 3832 -9
351 3561 -9
1667 3201 10
3339 3974 9
596 1342 9
606 1572 0
327 1891 -7
252 1717 -8
47 3005 8
3730 3751 3
3540 3627 3
3157 3566 4
538 2461 0
1837 2723 3
125 831 -5
1241 3335 -1
1103 1681 -5
2990 3345 0
722 1989 10
329 1011 -6
683 3458 5
2496 3941 0
1176 2573 -3
224 665 -8
959 1528 -5
1342 2757 -1
2056 2743 9
1526 1760 -1
2189 3272 9
2180 3718 -2
984 2645 8
1502 3510 -5
143 2968 -6
2137 2974 0
2085 2289 6
799 2491 5
1480 1657 4
277 1857 -7
2410 3254 3
805 2013 -5
47 2334 3
141 1444 4
442 1143 7
897 1952 10
1998 3690 -8
2254 3616 6
2094 3398 -4
697 1783 1
652 2306 -4
1378 2935 9
748 2768 6
544 2214 9
288 1965 -7
350 628 5
2017 3043 -2
263 3369 -3
2333 2754 1
378 3844 7
162 3960 4
1155 2489 6
1802 2071 -5
1877 2888 9
2873 3378 7
667 685 4
3005 3268 7
2270 2819 -9
482 1871 -3
2402 2480 0
548 3622 -7
312 3382 -9
1031 2315 -6
86 3039 -8
1386 3940 -6
118 1530 -4
957 1053 4
838 1856 4
321 2569 9
2470 3230 8
3022 3743 -7
1731 1844 9
2030 2177 -2
2388 3871 6
1101 3434 3
1716 3707 1
2492 3928 8
1310 3019 -1
1224 1555 1
16 3626 4
974 2804 -6
604 1581 -9
1063 2095 -4
2236 3184 9
1 3237 0
2105 2701 -6
255 875 -3
1853 2665 -1
2849 3118 4
655 3209 -2
686 3276 -8
42 2982 5
792 1228 -10
728 1472 -5
1549 2375 8
995 2755 10
1520 2842 -5
1492 2514 -5
3267 3937 -3
507 2119 9
352 2999 8
842 2109 10
1279 2635 -3
193 3649 5
2556 3818 10
2296 2430 1
892 3394 -4
406 3649 7
1218 3564 6
602 1346 9
1715 2155 9
1214 2627 -2
118 2953 -7
2516 3601 3
600 3636 6
137 199 5
30 3779 -3
864 3453 3
831 1290 7
984 3518 2
1390 2745 -2
1613 2228 5
475 1362 -3
1519 3798 -2
455 895 -2
1131 3164 -4
126 1622 -6
2414 2664 -6
2305 3660 -7
1006 3923 2
185 2202 -6
240 1909 -5
773 2409 -4
1067 2361 -5
452 3485 6
1338 1363 4
2618 2844 10
3514 3884 1
30 1806 5
766 2369 -1
1884 3788 8
148 3488 2
1963 2849 7
215 1034 10
127 2907 -7
221 2017 3
952 2761 -6
3080 3777 -8
241 1208 2
805 1250 7
2252 3625 -1
1944 3509 -6
2329 3091 2
1649 3332 2
326 1252 -3
702 3000 -7
1015 3231 3
753 1733 9
978 1851 5
492 911 -5
3267 3495 3
464 3064 5
59 1029 -2
2120 2809 3
673 2154 -2
2969 3020 -1
1190 1892 -10
151 3506 9
1152 1371 7
618 1666 6
1700 3162 5
917 1733 10
294 522 -7
1168 3301 -5
817 2549 9
77 1756 -10
2728 3567 1
1250 1384 7
2230 2573 -4
2464 2511 0
597 1499 4
2276 3443 10
815 2853 -6
562 2444 -9
1991 3984 0
1965 2534 1
1262 3020 -7
2031 3531 -8
1312 2383 6
246 3083 2
2488 2989 5
3310 3326 -6
447 629 -4
1018 1384 7
775 3612 -3
2232 2474 -7
570 2914 6
828 3438 3
2665 3524 -1
15 3335 8
20 3679 7
1353 2542 -2
1000 2912 10
2744 2807 7
2150 3051 -5
727 1033 5
2301 2466 0
911 3365 9
2905 3398 -5
1243 3838 -3
467 1631 -9
1881 3600 0
2548 2868 10
491 3156 8
2299 3295 2
251 3440 10
1120 3623 -6
875 3267 -9
2936 3623 8
750 3797 3
1548 3777 8
2465 2954 7
2179 2597 -3
1704 3536 -3
2369 3889 -8
1882 2081 5
2565 3306 -9
987 2397 10
1554 3713 8
325 477 -8
493 2276 -10
923 1860 0
209 2288 -1
907 2818 4
1729 3192 0
108 1418 4
1534 2916 6
537 1006 9
418 826 -2
2352 3548 10
1163 3683 -10
33 2183 10
2610 3291 2
2162 2377 6
861 3237 8
2416 3196 0
900 950 2
786 3588 8
888 3047 -7
249 2831 5
1307 1984 -3
425 2010 0
242 3057 5
2488 3836 8
1808 1862 -10
87 675 1
327 1559 -5
1882 3504 -5
1348 3045 -3
2941 3030 0
191 3886 -2
1175 2070 7
75 3711 9
1246 3936 -3
1144 1710 0
1462 2514 -5
225 3655 -5
1450 3177 8
101 3848 2
2151 3261 9
809 2888 7
2629 3788 10
631 1310 2
1360 3405 4
2480 3207 1
3008 3555 9
2 2270 10
160 1166 2
1343 2943 -10
128 1628 -8
2130 2276 7
2715 2966 4
2069 3757 3
2065 3049 6
3381 3958 -4
633 1211 -6
399 3030 -6
1741 1942 -3
3876 3937 1
1073 1254 -7
278 2740 3
2740 2851 7
338 2498 -3
2695 3337 0
1772 3591 7
2395 2587 -5
1359 1732 6
2840 3203 -2
2711 3052 7
887 1922 -9
249 3328 10
1722 2723 0
1594 3706 -7
715 2569 -8
288 3027 7
2345 3345 -8
3329 3515 -7
2310 2341 -9
2070 2359 6
597 749 3
717 1568 6
1104 3963 -2
2951 3276 -6
208 2630 10
108 3446 2
526 990 7
696 1630 -5
2017 3408 6
996 2565 -7
411 3632 4
1008 2390 -8
956 1971 -1
3113 3230 -7
90 544 9
3255 3808 4
707 1415 -7
1529 2772 2
133 2577 -6
2793 2996 8
588 942 5
1238 2973 -4
1957 3892 6
1869 3779 -2
3305 3521 -3
1854 2195 2
942 2867 4
2438 2889 -9
134 1876 -3
1261 2095 6
172 2131 -9
602 1227 7
1462 1856 -6
1281 3730 2
3003 3866 -7
1222 2103 -8
1712 1738 7
72 3361 6
1732 2619 8
591 1482 -3
1105 3918 10
659 2111 2
1457 1862 -6
127 2775 1
2036 2966 -5
673 2948 -10
1944 3377 7
221 2824 0
3294 3641 6
2177 3090 7
3720 3978 -1
1184 2642 5
2903 2938 10
2394 2566 2
754 2011 -9
745 2191 -5
2145 3030 5
1260 1590 -4
129 3356 -8
611 1144 -6
1486 2805 10
765 793 -8
367 1952 6
1082 1934 4
232 3713 -6
822 2532 -4
373 2440 5
2336 3914 6
1525 3406 -3
1599 3392 -1
1970 3793 -3
519 1676 5
3130 3142 1
784 2361 -6
2085 2467 -8
1251 2241 7
821 3182 -5
1696 2628 10
526 2776 -4
1816 3218 9
1193 2007 10
1261 1424 -7
215 2096 5
746 3947 -1
2870 3797 4
614 3010 8
88 456 -8
1813 2516 -3
103 3208 -7
1837 3398 -8
226 1558 -6
2705 3851 -8
1129 3540 -2
795 3960 1
541 1569 3
1198 2364 0
1559 3309 -1
1672 3186 8
2995 3051 2
2494 3523 -7
886 1459 2
473 1815 4
469 2339 -1
195 3039 6
1147 2439 9
2678 3990 -3
2409 3048 -8
647 3550 -6
2297 2578 -2
222 2583 -7
788 3260 10
458 1813 5
2199 2420 -4
1933 3469 -7
166 3627 -10
207 1413 -9
2256 3893 -8
1082 3599 -1
2653 3300 -1
1083 1986 -10
214 3294 10
1779 3941 8
1019 3664 -5
2472 3346 0
1947 2441 -2
338 1990 5
2631 3110 7
93 1139 -9
1834 3732 -5
1169 3315 -3
9 1936 3
3715 3861 8
606 3912 -2
2178 3249 -3
1772 3793 -10
1369 1804 -5
1073 2745 1
1763 2926 4
2318 3939 -9
1790 3554 -4
1067 2405 1
2102 3789 8
858 3988 5
1582 1804 5
588 1360 -1
804 1658 -4
136 2956 -3
394 1494 -5
1464 1933 -7
34 3174 1
2675 3543 10
59 2938 6
3569 3756 4
1926 3455 -8
971 3757 10
1232 1812 -2
652 1237 3
925 3237 3
3731 3939 5
980 3698 -3
1766 2392 -8
2342 3491 6
2159 3784 4
1450 3058 1
1226 1889 7
1613 2298 8
1843 2760 9
3393 3836 -4
798 2351 -4
629 852 5
1456 3519 1
1195 3892 9
3631 3829 1
2555 3612 7
1476 3353 6
1646 1815 -10
355 1902 1
988 1549 -6
974 1156 -10
36 3088 5
3222 3257 -2
765 2968 -4
1577 2883 -9
887 3897 -1
61 637 -3
1439 3178 8
250 1327 -6
863 2722 2
2103 3572 9
1287 1737 -6
1983 3921 7
1019 1959 4
2330 3507 -5
2660 3382 4
337 1336 -2
2221 2517 -5
798 2485 6
478 3032 3
534 3836 3
2740 2853 0
1291 1600 10
3872 3904 -3
596 3024 -6
98 1993 -3
1334 3367 -3
675 2270 -9
267 984 3
1726 2430 10
2469 3935 -1
522 2671 10
3473 3791 7
2962 3575 2
2385 2746 -9
1029 1455 8
464 2437 0
1087 3382 -8
1025 2504 2
2003 3354 0
447 1975 3
1639 3306 -5
1028 3152 5
288 1164 -8
3820 3956 7
64 3634 9
537 1868 5
3010 3629 1
1611 2197 4
1196 3904 -7
580 1457 9
3656 3740 -4
2998 3740 -7
899 3388 -9
885 3490 7
1472 2038 -9
2566 2834 -2
1910 3661 -1
2237 3827 -5
2230 2885 -5
3479 3555 3
1096 1229 9
1214 3436 -9
2651 3817 -1
911 2846 0
2487 2662 9
2956 3635 -7
776 2163 7
1029 1589 4
1207 3783 5
2260 3787 8
190 2187 -10
346 485 -6
29 778 0
144 1253 0
354 1248 4
784 3047 -4
1883 3958 5
3402 3698 -8
592 1830 5
700 3053 8
2555 3304 1
2661 3205 5
1127 2110 5
1385 2634 -7
616 3355 -1
2584 2958 4
366 440 1
909 2116 -9
90 3016 7
236 1084 8
645 1023 2
1994 2863 4
2391 3960 -1
2778 2908 -9
2284 3605 6
1139 1302 9
1151 2588 -9
1020 1839 1
555 1251 -10
819 1068 3
1046 2242 -1
307 2842 -1
401 1723 -8
671 3533 -6
473 3548 -6
2682 3506 -8
1140 2291 -3
1321 3120 0
2209 3030 7
1777 2582 -4
3974 3994 5
1087 2135 7
511 1975 7
923 2414 -3
830 1203 -6
2344 3339 -8
3707 3771 -4
1645 1766 6
1478 3575 5
3324 3481 -2
1604 3162 -1
1346 2143 -1
2121 2634 3
1075 1091 1
884 1560 -9
1242 1268 2
512 3903 3
488 1331 -1
498 1753 -1
1783 2117 6
2865 3842 -5
370 2736 -10
1946 3572 -6
984 2141 9
1419 1840 1
212 2564 1
1599 2710 -1
652 2836 -9
2082 3581 10
1123 2192 -8
433 3731 6
586 3973 9
781 2199 0
59 2443 3
1133 1338 -5
1931 3304 4
1624 2595 -6
2586 3235 -7
1937 3055 3
1541 2826 2
1123 2084 -7
2158 3468 -2
712 2220 -9
625 2975 -3
1564 3897 4
3182 3387 -7
30 550 4
660 2151 3
359 2977 -5
1146 2044 10
1555 1983 -7
91 3576 -7
3002 3806 -10
2059 3179 -5
1407 3024 0
2172 2827 -3
1712 2842 0
1187 1937 -10
2902 3346 8
773 2334 7
3479 3623 -1
2334 3010 7
437 3287 6
504 833 8
1517 3919 8
3504 3801 -2
2339 3246 -1
566 1832 4
280 1246 3
687 3290 -1
496 3759 7
866 1306 2
950 3929 1
1488 2292 -1
677 1821 -4
3423 3704 10
1697 3863 -10
1912 3788 -7
112 3998 -2
3794 3876 -3
3219 3645 8
1904 3375 -9
429 672 3
889 1596 -4
1164 3521 -8
1532 2456 -5
2194 2575 4
325 965 1
2381 2401 5
3573 3769 8
1302 2933 -9
106 2089 -5
1515 1994 9
2771 2852 -8
1716 3216 -10
1697 2937 -1
2619 3249 -7
477 3493 -7
967 3357 2
160 2325 -8
532 3365 2
1941 2516 -7
912 2603 -7
1065 1650 6
1775 2978 -8
1517 2188 -9
385 3611 3
2107 3976 7
935 1311 -1
296 1324 3
499 1912 10
3850 3875 -6
1410 3001 1
2055 2739 10
701 2541 -1
384 390 2
318 2251 -9
1436 3404 -1
3346 3554 5
27 1055 -10
1138 3481 0
73 1925 4
1224 3521 4
630 3011 10
1582 2182 9
611 3671 2
1779 2467 -2
1989 2011 -7
430 1152 7
2468 3443 -1
608 1158 -9
2493 3207 -7
855 3250 -3
39 1415 -1
1700 2295 0
1483 1772 -8
2689 3038 10
3214 3677 -1
1970 2119 10
333 3555 8
971 3317 -1
1528 2188 1
2665 3583 -2
731 3601 -4
906 3602 -7
574 877 -6
2457 3819 10
2235 3477 3
899 2101 8
943 3605 -4
2553 3234 0
639 1918 2
788 1223 -3
108 3679 5
595 1057 -3
2415 2482 -1
2086 3475 4
1363 1868 -10
2259 3403 -1
984 3269 1
1223 1565 5
693 1336 -7
1221 2687 -7
2371 2826 -2
1700 2658 -2
1053 3076 5
1574 2253 6
1034 1521 -6
1023 3089 7
954 3218 -5
2063 2831 -2
2536 3014 4
2854 3589 5
1033 2464 -5
508 2993 1
1072 1345 8
3269 3989 5
2873 3989 6
1272 2867 8
520 1771 -1
716 2649 -5
163 2702 1
3026 3938 5
1181 2456 -1
1547 1759 9
310 914 -5
538 778 6
3685 3759 -6
787 1482 5
3316 3633 7
1599 3383 -10
400 844 5
3822 3993 0
1488 3286 4
1267 1826 4
742 958 6
1860 2340 1
2452 3972 6
1151 1651 -7
1475 3697 6
838 2588 0
678 2370 0
1827 3102 1
1567 2468 10
126 810 -10
52 2847 -7
1393 3520 9
562 1148 -10
3596 3700 7
1445 3158 4
2570 3038 -4
999 3071 10
560 1718 5
155 3884 8
1683 3969 7
1105 3238 6
1497 2530 6
1512 3104 1
572 1728 -6
1016 1439 -9
2915 3423 -8
283 1036 3
2905 3378 -9
1299 2178 1
2756 3780 -1
1075 3187 -9
1821 2748 7
1823 3346 5
2163 3680 -3
854 3484 7
477 2743 2
638 3600 1
2333 3862 8
1345 3987 2
2730 3498 6
2312 2756 -3
868 1847 -10
646 1734 1
2270 2759 3
1134 2491 3
58 3964 4
586 1868 3
1480 2310 0
532 3554 5
1306 2194 9
790 2277 2
1034 3657 -6
1483 2766 2
1994 3470 2
2061 2477 7
306 3921 1
2374 2708 9
3067 3160 -1
585 2784 6
26 3049 -2
1786 3706 3
1514 3247 -2
143 1419 -10
1337 3614 -1
867 3665 -2
2835 3039 1
223 1119 -2
519 1935 9
2938 3689 -6
1236 3010 4
1177 3598 10
192 2974 -4
469 1296 3
352 482 -3
1043 3783 -6
3259 3451 -6
568 1275 -7
502 2870 5
2140 3830 -8
2136 3122 2
1637 3475 -1
267 1283 3
3257 3792 -8
2443 3050 2
1320 2721 -4
1657 2077 10
676 2161 -10
849 2052 10
1452 3550 1
521 2223 9
68 3180 -8
1721 3940 -9
824 3163 1
977 1456 -2
2255 2827 9
961 3434 10
1881 2091 6
1346 2750 -10
1667 3330 -5
1391 3432 2
2743 2766 -10
508 833 9
420 2706 1
1017 2696 3
201 1881 3
755 1235 8
2422 3879 4
3822 3927 10
869 3737 1
674 1246 9
698 1640 -2
1845 3723 -10
717 3050 3
192 196 -9
1823 3146 6
586 1547 -6
365 1844 -7
234 1361 -6
1565 1575 2
2048 2217 8
310 3305 -10
2238 2728 2
464 3930 -2
716 1899 -1
124 2024 -8
927 2119 -6
397 1890 6
834 3877 4
290 2959 -10
1255 3870 -4
1821 2332 6
508 2135 9
2056 3101 -5
459 3936 4
605 1021 -6
476 3122 -2
2936 3187 2
446 2196 0
169 1393 -1
141 3775 -3
382 2669 8
2267 2274 -10
2778 2978 -8
832 919 10
47 1632 10
1108 2251 -3
1655 2649 9
1596 3237 4
572 965 -8
2196 2744 -7
1439 3290 -8
854 2371 7
1581 3114 4
1557 2528 5
676 793 -8
644 3958 5
3457 3653 4
3073 3956 -3
588 3834 -3
791 2436 -4
1088 3073 -7
3424 3597 8
1779 2698 7
2116 3515 9
2505 3098 10
1 2172 6
459 1037 -2
2675 3923 -9
68 2872 1
2970 3282 10
1755 1967 -6
58 3093 0
915 2256 0
2699 3462 -3
1 2064 9
787 2973 9
830 3609 -2
1893 3069 4
3653 3726 4
948 3601 2
89 2113 3
2179 2645 -4
134 580 4
282 478 -8
1427 3949 7
1721 2706 -1
1642 3608 -8
847 1684 5
671 3148 7
808 3153 -7
987 2337 -9
357 2170 -6
1673 3079 -3
929 1349 -9
3408 3908 7
401 2627 -6
1409 3908 -8
1288 1632 -10
1367 1696 6
723 1631 8
1609 3444 -7
2075 2951 7
772 1523 -10
1047 3677 -1
2119 2728 -6
3724 3740 -9
200 2758 10
128 2589 -1
2549 2726 0
1365 3205 -4
1298 2212 6
1685 2392 8
501 2871 8
14 3241 10
3560 3753 2
1723 1866 9
410 2423 4
422 1531 7
287 3521 2
657 2300 -1
2472 3647 -5
1185 3624 -3
1925 1973 -9
2379 3604 0
225 1367 3
3645 3689 -7
1952 3796 -3
2430 2603 -7
1518 3275 -4
3300 3654 -2
738 2117 -10
1944 3383 -10
865 1175 -9
149 3708 2
2368 2664 6
2481 3773 -8
573 2723 -4
984 1540 2
842 2359 -9
1659 2352 8
1220 3739 7
1877 3743 4
2171 2500 -10
181 3781 -6
2075 3435 7
1290 1933 4
546 1664 5
18 3201 -8
608 2020 0
1867 2624 3
141 568 6
471 3183 7
2437 3908 6
424 2613 -5
198 3024 -2
571 3535 3
70 3778 -2
3306 3310 1
744 753 -8
661 3199 -2
3443 3544 -7
1170 3305 9
241 398 7
423 2095 6
2045 2522 -5
1826 3875 -9
3758 3821 6
571 3656 -9
2264 3320 4
750 1672 -1
1433 2934 -4
2761 3897 -1
1520 3576 -4
1594 3525 5
718 2134 -4
1544 1947 -6
1368 3936 0
1173 2714 -3
1660 3061 -3
111 409 10
1435 1896 1
1471 3539 3
2993 3321 8
206 417 6
154 2213 5
781 2311 0
263 2614 3
3016 3224 10
447 745 6
2286 3873 -5
1902 2715 -8
1196 1506 -4
2663 2813 7
474 3736 5
513 1449 6
291 2568 3
3187 3981 9
1441 1724 -10
2738 3337 7
3519 3673 -7
1777 3070 4
1672 3313 -3
2833 3345 8
541 649 10
241 3097 8
1351 1686 1
1641 3182 0
1499 1786 -8
105 469 -4
2120 2133 1
3491 3961 3
2302 3830 10
2773 3452 10
2274 3768 -1
104 769 9
568 1398 5
889 3439 8
768 3149 -2
3257 3686 10
669 2352 -2
17 248 -7
1978 2844 1
2693 3055 0
160 1953 5
2914 3697 1
2831 3928 6
168 3534 0
3497 3523 -8
2602 2644 -7
1714 3902 5
329 2176 -6
2543 3003 4
564 996 10
1323 3788 -1
1212 3691 -5
1438 2691 -4
1369 2857 -6
464 536 -5
984 1703 3
1206 2570 10
2410 3009 -6
2285 3731 -6
1838 3951 1
2080 3484 4
817 3404 1
1734 2581 4
1928 3615 -10
512 2539 6
892 2760 -8
2918 3536 -9