10000 0 0 1
5062 6928 -6
6514 7432 -3
2624 2680 8
1661 9543 3
82 3336 -8
926 4744 7
3005 7970 0
279 4933 -7
2582 2683 5
1956 2895 -7
2573 4032 5
7473 8906 8
1912 4286 -7
4116 8855 0
2623 9402 -9
8826 9962 2
8749 9221 -7
5631 8890 0
3822 8228 8
2966 3697 4
6705 7493 -8
2125 9125 -2
4142 6369 -8
1418 9263 -5
595 1611 2
8772 9204 -4
2970 3438 8
815 6718 3
5182 7868 -2
4116 6496 -10
1933 8811 6
2023 6224 3
3532 4230 3
1123 2935 3
3973 9485 -3
5126 7069 9
2124 7969 10
221 359 0
4344 5047 3
4570 6442 -2
3277 6865 -4
2062 7994 -7
1211 9994 -4
2909 3729 1
2104 2627 10
945 9429 -9
1626 8924 1
7861 8650 6
3005 5094 4
7441 9196 -6
4821 7601 3
1953 9664 -6
5469 9479 -2
24 1507 -3
70 7661 -2
6705 8144 -7
1833 8027 -4
955 5723 -10
1820 5613 -9
7428 9936 -6
54 3372 9
1869 9032 9
5997 8817 -7
3634 5795 -2
779 2873 8
701 7649 7
6496 8909 -9
4737 9974 0
2286 7105 3
6652 6682 -4
3858 6708 2
7596 8702 7
5344 7125 2
2577 6351 9
3436 7244 4
2074 9257 1
1082 8100 7
10 8783 -4
2962 3303 -5
3864 5210 -2
4545 8577 -7
760 1175 -3
2947 4492 6
3449 6545 -2
1610 8484 -4
5731 9227 -5
1235 7066 0
4174 5817 6
3956 8447 3
6152 9140 -5
1423 9597 -4
6794 8235 4
1987 2091 -7
1549 3177 10
1622 4293 -2
2267 3951 7
153 438 9
3692 4209 6
7311 8052 9
2301 2372 8
1584 1822 6
2814 9044 -4
844 9517 1
1393 4326 -5
3739 7667 3
6148 7650 -5
907 1314 0
151 2728 0
2300 3575 -10
137 5719 6
777 7477 5
5355 7870 -4
4608 7218 10
5768 9271 -8
3063 5174 10
2684 8790 -1
4751 7383 9
4659 9106 -10
7508 8458 -6
3351 5348 -5
5804 8147 -8
6337 9693 -7
792 8953 -1
1383 6648 -9
3968 8434 1
1998 9890 3
4426 4819 1
4022 9165 6
1354 4226 10
1106 2175 -1
5575 9343 1
6450 6717 1
1062 2449 -7
2036 4031 3
1641 8197 -3
4675 8003 -1
2496 8711 -4
1992 2533 -4
3016 7169 6
7523 9525 -10
2683 7634 -8
1888 8074 -3
3454 3496 -6
493 3674 0
424 3803 4
387 3247 5
4408 5938 -1
2875 8249 -7
2189 5441 -6
1173 4830 10
2873 8554 8
45 9899 10
5263 9112 -10
161 4103 7
5417 8087 -3
1923 4504 -3
1976 6645 -2
7458 8843 -4
6521 8439 6
5398 7845 0
4654 7427 10
5469 5919 -1
1398 6525 0
5402 7815 8
4067 9473 -4
1132 2470 2
6439 8751 5
321 3423 6
8012 8233 -3
458 9170 4
5315 9244 -10
2934 6699 -7
3754 7292 -2
5729 8066 1
3072 7752 -6
6198 7870 -5
4281 8764 -9
4334 7687 -10
7901 7993 7
7545 9261 2
6756 7380 10
8892 8925 -7
2903 5027 -1
2266 6950 -3
5314 5608 -4
667 4032 0
4534 9209 0
5390 8227 -6
8995 9054 7
3420 8700 -1
5384 8970 -4
5896 9676 2
3680 8739 -2
4028 8699 4
7725 9084 -3
4282 6858 -4
446 2263 -8
3591 5958 1
1661 7370 4
2967 3241 3
7633 9346 5
4652 7480 -3
5541 5921 -6
3786 5379 7
6761 8254 9
5890 6563 -3
825 6725 2
1250 8180 0
4520 4556 8
3159 9274 5
729 8185 9
1948 7584 4
1892 4651 2
985 5667 1
1264 7971 6
1210 8000 9
4456 5331 5
6675 9763 2
6270 7908 3
5168 8011 2
2035 9803 -10
9140 9943 8
733 1250 -9
3152 5744 -4
1037 1512 -5
1004 3550 0
4050 5811 9
6481 8622 -4
3327 6270 6
822 5645 7
5971 6156 -5
1373 9311 2
1098 2956 -1
1414 1764 -1
26 4542 -8
3750 4652 5
6368 9584 8
3335 4144 -9
4451 5782 8
674 2219 -5
5137 9493 -5
3058 8216 2
1556 4822 8
5560 7115 -6
3415 4518 6
2562 3290 7
4524 8066 10
1602 8501 -2
4982 5683 -8
4566 7425 1
4611 5627 9
3183 6346 10
1633 7442 -5
1945 5722 -7
1119 5909 9
3579 6203 5
1211 9110 -7
121 5166 2
2843 6463 -8
1035 8884 5
4928 5419 -10
1885 3721 9
2791 6007 -8
737 3857 -9
2160 8090 0
1346 5133 -9
8364 9555 10
130 8549 5
2074 5314 -4
4906 6712 -10
5750 8645 -6
2278 3652 7
2621 4629 -9
3353 9539 -6
6244 9674 -4
4520 6267 -1
7319 8242 6
3102 3132 -3
5943 8142 5
6582 9935 -3
3319 6922 4
1265 1654 9
3352 8002 9
2292 6561 6
2926 3055 6
3568 5411 -1
1367 4145 -9
3145 4033 1
5336 5514 7
8155 9682 2
1130 8110 -7
4232 9857 5
2574 3506 -8
4031 6340 -9
6318 9781 -5
3848 4269 -5
6416 8855 -4
3573 8271 5
1207 8595 4
2821 5863 2
671 8355 -3
6654 7600 -10
174 4022 -6
2250 2484 -6
6775 9467 -6
2503 5553 5
592 3223 9
884 8993 -5
277 9447 -9
4330 5217 -4
167 9761 7
6257 7262 9
944 3876 2
8612 9260 -10
6873 9337 9
3727 5906 10
1196 2928 10
8531 9043 10
2733 5871 0
1444 1718 -7
910 9661 8
9506 9622 9
2498 9760 7
1814 3386 9
2235 2476 9
6937 8046 0
8643 9778 2
6590 7593 -1
757 2328 -7
9455 9513 2
5391 9075 1
7787 9793 -9
116 7930 -7
6003 8699 6
4427 9557 -4
5650 7349 -10
5374 8119 3
1542 1880 3
4382 8237 -5
1942 6317 -8
524 1488 -3
4779 8318 0
3135 8367 -6
3932 5413 6
5578 6048 8
2815 6885 -2
3995 8996 -7
6211 7681 9
770 7407 10
7638 9032 -8
5359 8484 10
794 8933 5
5009 8600 -4
1074 5832 -9
549 614 7
3561 5097 10
3274 4546 -3
1505 6055 4
7838 9471 7
5263 5892 -4
1793 7096 1
2600 4681 2
4477 7055 -7
6552 6784 -9
691 6970 -1
4171 6454 -1
1270 4697 1
1224 7470 0
6814 8590 10
53 2927 -9
1254 6967 -9
7120 9865 0
942 7226 -3
1772 9553 7
1267 9646 1
5578 9287 -3
2779 3111 5
7906 9196 8
7868 8941 -10
3128 6005 -5
1195 7146 9
1534 5151 10
7565 7591 -8
8660 9435 10
2373 5986 1
3917 5936 5
1016 6357 -9
484 5630 -3
1238 7224 -6
6677 9789 7
3624 5683 8
1768 7044 -3
2141 7177 -2
7057 9930 -4
3887 3927 -1
6334 8403 -8
260 8216 4
6115 8444 -5
5433 9170 3
1312 1696 -1
822 5890 1
7943 8827 6
7131 8683 5
4112 8740 3
5402 8279 3
3246 6639 -7
82 6983 4
3690 6158 8
2065 8206 1
7427 9090 -5
2732 8669 -10
467 8142 0
69 8361 7
3386 4700 0
4569 6477 -6
2064 3551 -3
4600 4658 3
837 1179 1
825 5226 -8
1184 2535 5
1997 5676 -9
4970 9710 1
5593 6454 7
150 5582 4
5541 9382 -9
2376 4577 -8
418 1232 1
1773 6313 1
1180 6622 10
4078 5601 10
3199 3418 -3
1101 7232 -7
69 5773 -9
6429 8123 1
3612 4639 6
1085 2040 -5
1083 1176 -2
9503 9808 10
1073 6761 -9
4979 8711 -2
3030 4777 3
3021 6040 10
2702 5357 1
6723 9509 -5
39 6244 -6
4902 8464 -2
7906 8656 5
9736 9866 -3
379 9318 2
325 1799 10
1036 7144 -6
8227 9651 4
813 6577 7
63 5936 4
7191 8832 -8
4550 6211 0
4301 5098 -2
4263 5480 0
2521 8175 -2
1148 1170 8
2305 7239 6
3120 7717 9
3998 5734 9
1020 8303 2
7691 9383 -6
237 8043 -10
944 1111 9
8338 9639 1
5947 9790 -6
8284 9668 -3
301 6932 -1
6108 8575 9
2925 5671 -9
3245 8242 -2
574 2889 -7
1815 7002 -10
3793 8339 2
7195 9332 -6
2037 2585 -4
6964 8645 -1
2316 7104 10
3499 9964 3
7689 9458 10
3088 6717 2
1219 1989 9
1777 4086 9
3581 7144 0
6514 8216 -3
186 6276 -2
633 5046 -6
1300 7575 -3
232 2487 -10
2511 9185 6
3912 6197 -3
701 2557 -7
1434 8478 -5
886 9018 4
225 1136 8
7130 7401 -2
4540 5128 4
2671 4564 6
6965 8991 -5
5425 8523 0
3417 7386 -4
6162 9570 1
1685 6339 -3
3443 8198 -7
6205 7582 -7
4061 6670 -9
5969 9440 -3
403 2490 -7
7315 9783 3
6857 7773 -4
1597 2290 9
4443 7266 2
2271 8916 -6
5300 9547 -6
4017 9638 -1
1495 7383 0
551 2590 9
4569 8165 8
5392 8610 -4
4707 8544 -10
6966 9751 -7
1804 2476 -6
3475 5419 -10
657 8498 6
2710 7422 -4
3983 9761 -6
3152 8292 3
4961 9708 6
815 7623 7
3621 3932 -8
3023 4126 1
1596 4432 -8
1152 3638 -6
883 8697 2
161 9350 -4
3399 3559 9
1298 1477 -4
67 8260 -1
2166 5228 -8
668 6414 8
809 3006 -4
6193 9162 -4
6041 6553 6
6329 7594 6
860 4369 1
3472 6023 -6
5749 6790 -8
2065 9871 -2
5805 7445 6
2878 7499 0
3321 4542 -5
2601 9851 10
4260 7387 -5
4714 7886 9
262 9518 -2
982 4511 -8
144 3375 1
5898 8081 6
7637 7861 4
2868 8245 -7
3729 5950 3
537 7507 2
6281 9625 -5
1228 1274 6
5742 9905 -8
2898 7221 -2
5762 8422 9
3458 4669 1
9124 9491 -1
134 594 -1
49 3259 0
3562 3823 0
902 9362 4
3067 6504 3
6484 7360 -9
2294 4860 5
1604 3367 0
1221 7650 -9
1532 9120 7
3882 7885 -1
2180 7355 10
2593 5538 -10
1606 7757 4
1265 1277 4
1158 4183 6
2445 5523 2
853 1332 -4
5384 7163 -8
1926 7438 4
648 9710 -9
88 5178 -10
5864 7242 6
6239 7305 8
4172 9386 -5
4424 7386 4
318 6314 -6
2416 7338 1
3588 7379 10
5173 6198 4
9718 9978 9
3058 5084 -8
2764 5806 0
4770 5664 -5
5720 6187 0
3467 3562 7
1813 9525 -4
7147 9636 -9
1682 8776 3
2349 7104 7
223 7967 7
4054 7825 2
1802 9595 -8
9032 9241 -9
5168 9731 -3
3159 8815 -7
4107 5356 -7
4801 9071 -4
2682 4460 0
5512 8903 -9
894 9111 -4
5393 8308 -5
2400 3170 -6
2566 9847 -1
1068 7686 -10
276 8015 -6
5888 8516 -2
8522 9929 -5
2409 5699 -10
6008 9335 4
6458 8223 0
942 7052 -8
6229 8400 -1
480 9996 -2
4644 6320 -1
1847 8061 4
846 1077 -9
8 881 -3
1425 1507 -5
2782 9358 -9
1588 5326 -4
181 2758 -1
5466 8005 -8
326 4690 -10
6084 6477 2
1221 7375 9
198 303 5
618 9148 -8
2432 9739 4
194 7014 -5
1331 3342 0
2343 7861 -2
2468 5906 1
1246 6910 -3
7409 8337 6
129 5084 2
1128 4151 0
5963 8667 5
5978 8530 3
5002 7726 -5
573 9670 -5
1696 9447 -8
2843 7280 -3
3966 5888 -9
6254 9108 0
2576 9905 -3
488 9074 -1
6299 9259 -4
4680 7037 0
66 5409 9
1726 9060 -4
2695 9596 2
4471 5731 -6
857 4181 7
8718 8914 0
8452 9847 5
3684 9027 0
98 9382 -9
3774 9366 -9
2384 6442 5
1023 6056 -9
5347 9980 -8
1903 2871 10
1053 4129 -7
1782 2581 3
3444 5784 5
3693 7800 9
4610 8146 -3
1223 7807 4
645 7830 -6
2665 8526 -4
1026 7787 2
449 8300 9
817 4266 3
1058 3160 2
1678 1971 -2
485 6911 9
5651 9869 7
2105 8311 6
5363 9960 10
5189 8612 7
2018 3876 -7
2705 6649 6
293 4754 -6
5530 6052 5
242 2085 10
3634 9821 -1
6312 7256 10
5461 8024 8
4071 5100 -10
6258 9500 3
4685 8706 7
7024 7807 2
3795 4936 0
2176 4026 -9
1299 9006 -5
5359 8879 -10
6424 6499 7
3477 7515 4
4717 4722 10
2946 3269 1
5187 7497 6
887 7340 0
3868 6991 0
4150 6826 -6
2023 7724 -6
458 1601 0
313 2266 8
1201 6075 -7
3596 6160 -6
2597 4878 8
671 7981 7
826 5640 0
1140 4933 0
142 398 -9
3193 6938 -1
6596 8713 6
6533 8248 -2
2792 6365 4
3555 7699 -7
8363 9229 -9
1802 4723 -8
2270 6060 6
6826 9175 9
3915 7862 -3
5275 7200 -6
1888 7127 0
106 2955 -10
2033 8039 -7
4122 8835 4
6197 6349 5
5001 9706 -10
769 6948 -10
818 6724 -10
5360 9001 5
160 5406 -2
8204 9995 7
4418 7027 -5
2027 3794 -7
536 5168 1
2002 6739 1
8093 9081 -5
2070 3347 5
3963 4497 0
3575 7161 7
943 5263 -5
3646 9665 -1
896 8220 5
7659 8331 -9
368 602 10
624 2657 9
4506 6093 -4
3356 4084 4
964 8620 -6
1606 3657 -3
5999 9109 1
581 9642 -1
4768 8573 10
6572 9645 -5
4550 7856 -3
6103 8263 9
5495 8938 4
241 4698 -9
5555 5834 -8
5946 9777 1
6361 9690 10
7540 9053 6
2830 7946 2
470 3358 -4
3250 8123 -5
2556 3133 5
1301 6404 9
1783 5361 9
4450 6722 -2
6505 6622 5
6018 7029 -2
4039 6971 -8
473 1822 -5
1533 9307 1
2769 8875 -10
6849 9895 -5
545 1847 -3
1616 6681 -4
2454 7551 5
1539 5674 -7
7028 8060 -5
1535 3080 -8
3051 4243 5
5054 9954 -4
4550 5762 0
2377 8579 5
1114 1366 7
3720 8130 -4
1146 8717 2
3473 4875 -2
1745 6273 5
735 1684 9
4072 7535 9
2639 9933 3
2614 4098 -9
538 4553 -1
8742 9094 -7
2934 5271 10
1455 3730 -6
7731 9644 7
3434 7772 4
2948 8144 -8
893 4866 9
1449 3772 -8
5486 9360 -1
1781 9120 -4
514 4726 -7
290 9411 0
1099 1178 -9
8060 8135 0
6012 9326 7
5166 9126 5
2771 7729 4
2544 9636 -8
4223 8233 -3
3941 6269 -6
2022 6967 3
952 1281 -5
6697 7708 8
7070 7661 -2
378 3489 10
2087 9168 -10
2304 5490 2
142 7599 9
3380 7958 -9
1153 5737 -10
1302 8340 10
4005 6326 -3
3825 9248 3
5910 6510 2
8283 8822 -10
5745 6968 9
2782 3164 -9
1988 8902 9
3464 6645 -3
1157 4315 -9
5497 8443 4
1216 7482 6
2137 3777 3
6057 8551 8
4717 8337 4
1568 1899 5
2019 2738 -3
3506 8075 -8
2713 7356 2
1153 2331 5
151 9983 -6
723 8754 7
2113 3276 5
2692 8990 -7
1639 5980 1
3554 4445 -8
2550 6691 9
669 6976 -3
5567 7762 9
4406 5335 -10
6338 7230 9
6618 9728 9
298 6102 0
6999 7470 9
5687 6860 -3
4488 7439 8
4436 4948 -3
37 8578 3
1257 2280 -7
1549 6064 2
7293 8096 -10
1257 7384 4
749 3005 5
6103 9398 -7
1420 4113 -3
2107 3353 8
4165 7343 3
2369 7294 7
1145 4173 -1
431 8473 7
895 4901 7
1873 8146 4
5724 8211 -6
291 3740 7
1057 4591 1
4605 9048 6
3263 4474 7
2262 2594 -7
3822 3943 -7
6556 7695 -7
3758 4453 -8
1685 8589 -4
5395 7483 -6
1549 5547 -3
7475 9771 7
3549 5511 3
1038 6563 -8
5407 9672 3
5635 6561 -7
8442 9214 7
1506 3370 -6
6752 9821 -4
213 1956 -5
2380 7052 4
7437 9515 0
3362 4638 6
7528 9553 1
233 1296 9
3026 6080 6
234 9334 -9
3049 6658 -10
7070 9578 7
5205 6046 9
7807 8559 -9
725 5779 -4
884 8167 6
3742 5124 2
1226 8950 5
328 630 -6
4621 7981 8
2281 6520 -9
1132 5645 6
2252 3424 8
1862 8788 -1
4074 9160 -2
38 2225 4
5636 6009 2
6436 8802 -6
1296 6390 10
2694 9175 10
6497 9163 9
4511 8868 -8
5773 5834 5
3471 7554 -1
3517 5306 -4
1993 2302 1
394 5571 9
3472 4746 4
138 2613 -10
2475 5051 0
4288 9210 6
6777 8170 1
6059 6987 2
8256 9711 5
763 8034 -2
3272 4986 -7
1839 5627 -9
7022 9020 5
2517 4001 -1
632 3987 1
8252 9826 4
1524 1716 -4
6531 7885 5
855 3278 -10
3107 6841 -5
6059 8829 7
2612 6224 4
6891 8951 -8
4679 9625 10
6855 9028 -6
419 8983 10
4993 9263 -4
1973 2710 0
700 4572 5
1201 3771 7
8458 9521 -2
3104 7329 -5
2105 7970 1
1186 2596 -2
4677 5387 6
2085 4757 3
1361 5337 0
5981 8091 6
3583 7300 -4
2109 4971 -8
8175 9763 8
1551 4414 -9
885 6396 -4
7393 7741 6
5525 5718 7
4790 9470 9
2200 6028 -6
50 2333 2
3768 5395 -9
3463 4759 6
2722 7385 6
512 9597 -7
7034 7430 -9
1930 8382 -8
3239 8169 2
8938 9721 1
365 5197 7
916 5745 -6
5575 7561 8
4813 5023 6
2676 3333 6
5365 8883 10
2695 3346 -10
3257 3644 1
4285 6710 9
2185 4327 -4
2248 5924 -2
1095 3501 -6
1099 5866 -2
87 4322 -4
1125 7810 5
2074 6153 8
759 4226 -5
7706 8996 -2
475 9242 6
1260 7217 -5
2050 5536 -6
2566 7667 1
2169 7702 -1
4982 7546 -9
3708 9443 5
6647 8423 3
5034 8639 5
4965 9034 -5
7588 8748 5
7399 7649 1
673 8588 7
6281 6761 5
6455 6568 -7
8147 9385 -9
4462 6463 -6
2514 8007 1
5140 6298 4
2561 6541 -1
697 2157 8
1201 7023 -6
6273 9157 -7
6980 8604 5
7655 7876 3
6228 6525 -10
1843 7838 -4
1614 3814 8
1230 7989 8
6102 7697 10
2318 5215 2
2541 7996 0
2510 9815 6
3290 7446 -8
3379 8049 1
276 9604 -4
7117 7562 6
8562 9339 4
1810 9503 -4
698 1865 -1
445 8738 8
2478 2692 -4
4109 8568 -3
347 9255 10
4350 6150 3
846 9576 7
1687 2873 7
1899 4858 4
9114 9937 -5
6634 8353 -4
3307 9871 1
1458 4972 -6
3245 4792 -3
192 3575 -10
3333 3364 -5
6066 8017 -7
2483 4505 0
8250 9230 7
729 2467 5
4300 7731 1
7419 7990 9
6212 7433 -1
5304 6913 -1
1642 8584 10
4332 9520 5
7582 9216 -2
4544 6816 4
210 9486 -8
3281 6965 -10
598 4527 3
4090 9169 3
2879 6576 1
1148 8314 -3
2479 2521 7
1996 9872 -9
570 5039 -3
4282 6895 3
4054 4673 10
1995 3640 2
4889 5358 0
394 8260 4
4961 6546 0
7785 9660 -5
7559 9583 -10
80 2322 -2
1773 8222 -2
4014 9295 3
239 5613 -6
7118 9840 10
817 2292 0
1379 1421 -4
4551 8108 5
6874 9516 3
3901 4207 3
2294 6681 -5
2418 3944 0
7352 8731 5
4900 9015 4
2227 8168 0
6426 8193 9
6136 9257 4
1961 3210 2
2435 3624 -9
239 3519 5
478 9134 -7
795 2425 5
3975 8033 -6
4934 5895 -7
3740 5686 -2
6110 7664 7
8377 9778 -2
3531 6595 9
2183 2356 9
1505 6642 7
2092 8919 -8
134 6328 -5
406 3781 4
3541 6645 -5
6093 8663 7
6704 9454 10
8668 9432 6
933 3792 -2
7785 7916 -1
553 2488 -1
7279 7327 -10
821 1107 -1
6 4979 -4
2470 7638 -5
1559 3171 -7
2653 3967 -7
303 5202 9
1566 1755 -7
3829 4424 -3
150 7998 8
1310 2732 2
7343 9971 -5
1653 7681 -3
5801 6541 -7
1168 5766 1
1497 7662 -5
7736 9902 5
4255 5584 -10
6314 9506 -2
6941 9259 -4
4034 4978 -8
9045 9540 8
2094 5931 2
2267 4727 2
4830 7886 -5
123 2912 7
1593 6848 -2
620 1732 -2
4172 4539 -5
1291 9930 -3
5352 9539 10
3262 4583 9
5827 9423 -10
1129 8290 -10
5334 7684 -7
5681 8057 7
722 733 4
1176 3038 -10
6373 9713 3
1308 9573 5
4971 9438 9
68 3735 -3
5337 9007 -5
168 8023 8
1137 8788 10
1724 1940 8
329 5762 5
218 4317 8
6875 7479 3
5381 7881 2
863 6190 -9
5958 7813 -6
2588 9858 9
4993 6344 10
3648 9987 9
2131 2443 0
5656 6508 3
2556 7431 -6
6693 8756 -5
2260 8335 -8
271 1476 -6
1406 5013 -5
3076 5102 7
639 5286 2
6339 8035 -7
3239 3817 -7
78 4724 6
1740 8156 -3
926 2310 -5
471 5064 -9
4748 9896 -2
2752 5127 -5
81 3975 3
5065 5551 -8
3445 6811 -2
1380 3154 8
4736 7069 -7
1497 7531 -9
347 1736 -9
3103 5061 0
3516 4476 7
1138 1591 2
4568 5126 9
3020 8998 -3
4484 4638 -2
898 7882 6
3159 7701 -5
1573 7117 -6
3747 8954 -1
6474 9741 -5
4152 6379 8
5362 9193 -7
206 2141 -1
4785 4980 -2
978 5101 8
3809 6391 -8
8527 9339 2
7741 8250 2
6583 7698 -9
4705 9337 0
3172 5461 -9
5460 8452 -3
533 5510 8
2607 3059 10
4376 9772 -2
3596 7186 9
2875 4042 1
8727 9220 -3
2253 4782 2
1787 2243 -3
1522 9667 8
1033 3352 2
2609 6781 5
7742 9908 1
5415 7483 4
2392 8769 7
4196 5640 -7
4633 8759 0
8791 8832 10
4690 8921 -7
1851 2672 -8
3943 8986 6
167 7789 -2
5548 6471 9
4385 7647 6
4559 5319 -8
2990 9483 -4
522 2998 6
2142 4398 -10
3599 5246 6
622 8714 5
2313 4396 2
702 6757 -9
5239 6475 4
1173 8328 -7
440 9460 -6
2821 9561 7
6437 8411 -4
4106 5458 4
1903 2840 -5
5025 7534 5
4928 6964 -7
1880 7137 -9
1855 4749 -6
6854 8928 2
2779 4051 10
3532 8755 6
3687 6414 5
5187 6815 -9
4134 7777 7
389 9945 -3
3460 4794 -5
323 1103 4
6379 7917 -7
510 3410 5
2143 4743 -8
1595 6601 7
6379 7508 -5
44 9352 8
3682 5926 7
4504 5360 5
7716 9868 10
3844 8697 -4
1132 6727 -3
1195 9519 -10
1150 4529 -9
4444 8612 4
317 8500 -2
2632 5550 5
3167 4662 -5
161 6675 -4
1494 9968 -2
4563 8978 10
1594 2736 4
1824 5642 9
5246 9645 8
1116 5964 10
8856 9733 6
5823 8723 -7
2674 7389 2
838 5956 8
630 5698 0
1356 3358 1
8197 9804 2
7037 8654 5
2670 5289 9
1499 8447 -3
5591 8638 10
100 1453 -2
2324 9347 0
5885 9344 6
765 3118 10
4214 5275 -6
5486 8930 4
1553 5565 7
3250 6803 -6
4165 9583 4
1996 8615 -3
2135 2915 8
3677 6202 -7
2040 5652 -1
6063 6992 -1
6899 7493 10
2988 6919 -2
5230 5971 -1
2602 5392 -1
4096 8931 5
7882 9504 2
3581 4135 -10
1776 4001 1
4159 8987 -8
2438 4386 0
3733 8470 7
2129 7194 4
2477 3182 -7
5159 6441 9
837 2604 10
621 5217 -8
3637 7715 -2
1101 9726 5
1637 3470 0
120 6592 1
2527 6831 6
2128 9449 -10
2908 7834 -7
739 9230 -2
8207 8253 -3
2346 6639 -7
5940 9931 -10
1145 4319 -1
4995 8706 1
6767 7723 -8
1150 6878 0
7036 8293 -5
5183 8906 9
3096 8528 3
350 4430 -6
2648 7206 -7
4779 5289 2
5788 9245 3
2147 8910 -6
1641 1719 -2
332 5873 -8
8274 9511 4
8191 8839 -3
1459 5763 -10
2032 7382 -6
6331 7723 -5
6994 7887 2
6285 7427 -4
4742 6310 8
9254 9913 -6
4250 9640 -5
1834 6463 -7
1739 8706 10
7037 7885 8
4836 9966 4
3672 4150 -7
324 2607 -7
9367 9381 -2
6817 8110 -8
3429 9878 2
3015 3328 -1
3192 5764 3
1581 6139 5
7020 8555 8
4911 7027 10
7633 7995 -7
6323 7166 -5
1319 8879 10
1537 7381 1
4005 7450 -6
3455 4008 1
6886 6934 -3
8430 8833 -1
3020 5657 -3
1014 4487 -9
3771 8860 -10
3248 5521 8
5888 5962 8
798 7572 9
8336 8417 -5
5051 7531 9
5056 5660 3
1632 4765 1
3688 8453 -5
6755 7353 -9
5245 6499 -1
6581 7237 -2
8457 8643 -10
5788 9258 -7
2646 9653 0
997 4025 4
364 1223 4
4555 6726 3
3394 3625 -8
6080 9515 -3
7099 7428 0
2668 6559 -10
15 666 -6
2428 7215 -5
4396 4832 9
1813 5865 -4
3738 4603 -8
1913 6477 4
2855 5073 3
1849 8033 -8
5448 7617 -8
2127 6320 5
1953 7187 -1
3107 7360 -7
1899 7216 -5
2392 6740 4
8279 8641 2
3088 9970 -1
1520 8388 -1
175 2497 5
1486 8395 -7
988 3014 -2
2541 5407 -5
2793 9155 5
2430 2916 -8
1682 5417 5
1313 2810 -10
1671 8791 3
80 7448 5
369 5336 8
1251 3918 9
1224 9005 -9
319 1314 -3
5328 9399 5
495 4020 0
3041 9750 4
4238 6358 1
1566 2209 7
5069 6286 9
2074 9669 2
1814 5163 -8
1802 5863 10
3654 6832 -1
671 1213 -7
2549 4220 2
982 9593 9
255 4569 8
6470 8401 -9
1777 2657 10
2377 8394 -1
3997 8748 -1
577 1959 4
4710 8275 0
7037 8634 -7
5645 5929 2
243 7712 -2
3785 3873 8
5032 9378 -7
1887 4860 -6
4530 4781 5
2074 5998 -8
677 8993 -8
2142 9845 10
3164 9304 3
5819 7622 1
4346 7095 -6
6976 8358 -8
907 6300 1
507 588 7
4756 8656 1
2100 9290 -9
5560 5561 -1
5104 7267 -2
3478 6647 5
6349 9773 8
234 5799 0
3091 9090 -9
1453 7004 -10
1597 2173 -5
5146 9335 9
5282 9116 -4
1871 6205 -10
2326 4305 3
1899 4955 -1
2735 5227 -3
3393 4293 -9
6135 8803 4
1107 2840 9
1618 6662 0
6605 8423 0
5825 7823 0
3585 5397 -9
3302 8492 10
3347 3539 3
5952 9584 -9
2864 9807 -3
3237 9940 3
5249 9204 -1
8807 9016 -8
43 9879 -4
3141 8166 -5
4939 7092 9
274 7039 2
8876 9524 0
4679 5704 2
39 4396 -2
1933 4724 4
7313 7871 6
453 3218 -4
1020 7646 5
1658 6591 0
265 8796 7
3556 5375 -7
2307 3244 -3
7649 9632 -8
8044 8584 -10
3741 8804 -7
6519 6555 8
2034 9767 -7
3464 6689 7
7954 8318 -2
2342 7488 -8
3853 7175 9
1035 6090 3
2938 9877 8
864 5305 -10
3576 8178 8
3597 9958 0
1912 7037 -2
5795 9349 -3
3623 3680 -3
2781 4188 0
3527 9225 -5
534 6073 2
4287 9767 -5
3218 4534 5
3399 5549 -1
9001 9941 -6
1624 8147 6
1596 4930 0
2343 3553 -2
4815 8202 4
1176 6479 -1
4421 7717 -7
7797 8721 6
4013 9649 4
4820 6065 4
1156 9210 10
4131 6486 -4
6532 9763 -9
1604 7042 10
3991 7266 -6
2529 8109 1
6150 6400 3
8072 8696 10
1022 4062 8
1169 1946 -8
1301 4380 -3
1638 2833 10
649 1156 8
4060 8942 -7
1773 2240 -3
4110 5236 10
2099 5937 8
1719 5387 0
359 2726 -4
870 5361 -5
3094 8682 4
1028 6292 5
7708 7866 6
1477 7058 -8
9144 9674 10
7090 8756 6
840 5720 -4
5102 6780 -5
6305 9698 0
5758 6856 -1
2504 2580 3
702 1060 -3
4538 5426 -3
73 443 -4
1815 9188 -9
1461 5658 -7
2637 9525 -9
7575 9673 8
3426 6796 10
3714 9594 -9
3619 7636 7
711 6886 3
5164 5299 10
3171 9840 2
3607 8830 -1
6935 9986 -2
4110 8776 -3
3400 4299 -8
3291 3346 -10
3340 5862 6
4482 6698 0
3498 5216 5
6565 9257 -7
74 9196 0
1623 8321 7
1965 5806 2
5327 9090 10
5355 7611 -10
7697 8624 7
4375 5525 -7
740 2195 -3
1951 8760 -7
1488 8770 -9
1139 9785 3
1225 3701 8
3630 8260 -3
2499 8894 6
3425 9963 1
354 3328 8
310 2727 2
4866 7074 7
4494 6385 -2
6651 8807 9
26 8975 5
1961 2165 9
540 6078 9
15 7425 6
4226 4764 1
892 5334 -4
4222 5813 5
6192 9281 -5
191 8032 -4
8862 8927 2
1057 4095 4
7285 7897 9
1497 9385 -10
2313 5478 -5
3264 4797 -10
1483 3300 -3
3532 6009 -7
5310 6943 -9
9019 9139 4
5673 7669 -8
4759 7972 -1
6424 7717 9
1271 5366 -5
3791 9912 -9
2960 3339 -5
2316 4320 -2
862 8056 4
1439 1652 -5
1894 4856 0
3050 9648 2
2911 7275 0
1132 6376 -2
434 3185 2
4107 6770 7
1103 3280 9
5917 6165 0
2511 4415 0
3749 3764 -6
8516 9835 -2
1845 3508 1
3755 9994 2
4917 5412 8
1638 7904 8
1229 6802 -1
1726 9823 2
3775 4167 8
1377 1453 -5
6757 9970 6
7529 9812 0
4220 9801 -9
5508 6002 4
3957 7850 0
1534 4814 -10
105 7826 -8
5299 9800 8
5205 9378 4
386 9645 1
369 3814 -4
4767 6492 1
7607 9322 4
2385 6383 5
1124 3869 -1
3873 8530 -5
961 6206 -1
4674 9976 -3
7932 8215 -7
5601 7248 10
2877 5124 1
9081 9850 5
1117 9342 4
2032 2588 -9
4888 8215 2
5996 8192 4
5172 6433 10
1349 1857 9
2060 8922 5
1702 5013 -5
1181 2538 -10
4890 8935 6
2089 6096 -10
1899 8187 3
2504 6869 3
2545 8856 3
4208 6542 5
1152 7126 4
3027 3383 -6
3541 7805 10
604 5271 -10
2765 4286 -1
4531 7052 5
1440 6446 -9
1418 4472 -1
622 746 -7
2169 5423 8
1142 8738 1
2652 8546 -1
1679 7402 -4
4790 8889 9
757 1199 3
3305 5956 1
982 8902 5
3915 7722 -6
923 3074 1
3389 3591 1
4086 7869 4
1802 3945 3
5275 8637 -8
8125 9037 6
7105 9847 7
25 2189 7
5271 6717 7
779 8133 -2
2332 5193 3
4280 7182 -9
1429 9181 8
3197 8610 -8
4020 7780 -2
876 8102 -2
1253 8992 6
7858 9712 -8
6368 7604 -2
4221 8673 5
751 6759 0
2479 9004 -6
9298 9833 4
6184 9918 2
4939 8724 3
4031 9595 -5
604 1901 4
2986 6068 7
6830 8223 10
4883 9317 2
3348 8290 9
344 8735 7
7412 7416 2
5445 9435 -7
4841 5119 4
2693 7392 2
9395 9622 6
1359 7023 10
2019 8530 -1
1114 7341 8
98 5332 3
7170 9725 -5
2021 7902 -8
198 3958 -3
4332 9299 4
2212 3003 6
2290 8435 -9
7704 9775 3
5689 9831 9
6568 6767 -10
2165 8849 -3
1449 5232 3
6042 7740 8
7378 9610 7
356 2594 -3
8569 9027 -2
1555 8251 4
2632 7646 -9
5687 7283 -1
135 7550 7
3816 3906 10
6392 7035 9
2424 7388 -3
281 2271 -8
326 473 -2
4533 6027 -7
8078 8380 1
344 4920 7
6967 7006 -5
798 2912 9
2859 4692 4
5771 9088 2
4383 6533 9
5933 8592 -3
1034 8372 5
8057 9754 5
7000 8351 4
1632 1911 -10
5420 8601 -4
8164 9508 -6
499 4421 7
279 4009 1
4878 7909 -3
2579 2953 6
5230 5996 4
625 890 4
4240 8555 -5
200 2324 -10
3959 8313 8
3725 6914 -1
3883 8174 3
1147 8928 -2
3520 9254 4
3522 5651 0
5484 9524 -2
2360 4757 -1
7299 8656 1
4461 6573 -7
961 7642 4
1376 2600 10
3528 4010 4
2884 5516 -4
5446 7993 4
2032 6468 1
3585 9090 -1
8047 9458 -3
1226 2957 -4
6439 9460 5
1252 6213 -4
1905 4935 8
1462 2825 -9
4538 7552 -10
5850 7933 -4
6389 7802 -7
4849 7185 3
6657 8636 -5
5966 6796 6
4996 7118 -1
5479 6040 -9
5918 8562 -10
758 3117 -1
1647 8877 3
737 7115 -10
6034 9676 -6
893 8760 -7
3488 4583 -2
2079 3403 4
462 1254 4
4493 9917 6
4073 4190 -8
5767 8923 -8
8368 9256 5
2012 6351 6
2634 4299 9
103 5522 4
1023 6282 4
1430 4534 4
2303 6949 10
7432 9162 -7
2424 3177 0
8098 9926 -8
7532 9249 4
7179 7441 2
6947 7018 7
8446 8537 8
356 3981 -5
7640 8553 -3
3314 6129 -5
2992 8064 -3
3219 7060 8
2165 2544 9
1968 2753 2
997 1390 -6
8980 9230 -2
44 75 9
7721 9566 -6
2542 9441 1
6325 6482 -9
1503 3593 6
7446 9218 3
8326 9151 2
6144 8127 10
3491 5389 -7
1555 9036 -1
377 4305 -3
6180 8724 -3
5268 5424 -3
8469 9316 -3
1315 5348 -9
495 999 4
2140 6019 1
8117 8339 5
341 4733 -3
2979 6525 0
4015 4082 5
469 3341 -3
3869 6917 9
7286 9759 9
3777 6276 -10
6048 7112 5
3805 5212 -4
1737 9543 -6
1422 2212 1
5305 6510 -2
3306 9400 -9
7327 8219 6
4336 4433 -4
1550 4841 9
1203 9609 5
433 1963 5
3722 3865 1
3310 6401 5
3652 5198 2
1044 3694 6
9174 9518 -5
4675 6608 -3
4739 7941 3
1406 3372 10
743 993 -4
3312 7530 4
6053 7837 3
467 5259 6
2075 9803 10
5802 9158 4
3606 5496 1
9366 9953 8
72 5632 9
5522 7532 -4
7844 8975 10
4469 4675 6
1400 3971 1
4124 7035 8
2521 3738 -4
1222 2015 -9
6293 6399 8
2556 3058 5
7339 9333 -7
2223 5472 -7
6589 7035 -9
1331 6388 -1
45 9034 -5
5489 5670 -3
3532 7245 6
5672 9169 5
4095 4878 -8
739 9222 -3
13 6378 1
6961 9652 1
6242 7750 -1
4817 6705 4
5514 8997 -8
791 9906 10
803 2561 -8
620 4920 4
752 6308 -4
8299 8593 -2
3897 8654 -4
6275 8192 3
8663 9135 2
6313 7401 7
9398 9733 6
3803 7186 6
5840 8609 5
769 5165 4
5031 8211 10
1980 8990 -2
1663 3684 -3
3316 8416 2
3072 6707 5
1736 8629 -1
5018 7225 -9
1198 9628 -4
2205 8470 9
497 5645 -3
1352 8374 -3
1245 2915 -1
690 7909 -9
1967 5529 2
4493 6851 5
287 5426 0
829 6612 10
6162 6795 4
2682 7460 -4
1660 4325 5
3087 4885 2
4447 7149 4
70 7908 7
1993 8555 7
6225 7674 -1
957 7700 -10
1134 7104 -9
2197 6601 -8
2378 3378 2
7587 8141 -9
1046 6353 0
2157 3675 2
5377 8187 8
832 4178 4
4799 6898 7
5542 9194 -9
585 7721 2
4965 4981 9
3402 4789 -10
6579 7204 -5
1949 6126 -4
2421 2558 1
1129 5978 3
118 8743 -6
5708 9900 -2
1047 1070 -4
4728 9763 -6
2310 3810 5
4327 6158 -6
4477 5837 6
4748 7234 9
3254 9994 9
7508 7969 5
2816 3990 7
7255 7752 2
2213 4780 5
2093 7567 -7
3447 9900 -3
3847 3863 4
2054 6184 -7
620 8846 2
6635 9621 -10
2625 2738 -2
4850 9316 -8
7243 7634 -4
6326 8228 -7
5288 5377 3
7572 8218 3
274 6488 -8
1440 3746 -9
2477 9292 -1
2523 5350 9
3427 7563 -7
5492 7773 -8
1851 9387 6
1353 6487 -8
6902 9592 10
3907 7642 -2
1971 8257 7
4103 9652 8
4079 7754 -1
2308 5547 -8
3745 8403 -3
4409 5414 9
7413 9515 9
4700 9907 2
5359 6196 -2
6339 9600 6
3209 3404 7
3587 8460 6
8430 9682 3
337 8535 4
3378 8466 0
1903 7978 9
7554 8965 3
5209 7160 -2
5222 8033 5
27 5340 9
1047 8402 9
7839 8985 6
5570 9125 -2
4892 9210 6
6139 6393 6
2665 8938 -8
660 9570 10
2192 7443 -9
103 4432 -5
4462 9971 -10
6389 6604 -7
795 8037 8
117 660 8
4541 6508 -10
7274 9441 10
2524 5817 5
242 2906 7
2481 3381 -6
5543 9256 8
6513 7393 -8
2511 3632 1
1086 9418 -3
9267 9891 -3
1463 3477 10
176 6344 -4
49 8189 10
3028 8474 7
1615 4514 10
240 2307 3
3020 8204 9
6463 8969 5
2625 6808 2
5001 8829 -3
6501 6866 -3
784 1504 0
1906 5251 7
3583 4382 -6
358 9883 4
4864 9205 -6
9777 9997 3
3706 8424 -2
6445 9365 -7
565 8720 -5
1416 6906 -4
2681 3154 -7
3751 7757 -3
6647 7370 -4
7739 8614 0
2156 2249 -8
3963 7268 8
5176 7261 -4
8300 9850 7
4041 6284 2
8146 8709 5
5250 5749 -7
784 5417 -10
1261 4408 -10
868 3839 -9
652 8236 1
4880 4904 10
1988 6988 10
1857 4433 9
7235 7656 -1
2963 7418 3
5969 8474 10
2228 2390 9
2736 9096 8
691 7669 2
3805 7770 -5
7433 9712 -8
3837 5178 0
2058 7168 4
2848 7473 0
125 5982 8
4594 6060 -2
3164 9924 -7
2825 6028 -3
4196 5641 -2
1700 2392 -3
2588 6201 6
5919 6788 9
854 6356 -8
5700 9081 6
4310 6157 -8
6481 6677 1
6620 9050 3
3958 5360 -1
3507 9625 9
6993 8249 -3
3199 8426 -5
2762 9620 2
3238 7514 -9
1455 2035 7
110 4546 7
2773 5465 0
1329 9803 -4
3005 6754 -5
5155 7071 -2
4428 8512 7
6390 7806 -5
3062 5567 -5
1710 2935 3
1964 5066 8
8516 9981 10
7442 8642 6
1419 6026 -5
2638 6179 9
542 1143 -10
2890 8615 2
3310 6986 7
4196 5618 -9
5746 6694 -1
5225 6168 7
601 5021 2
1670 3658 7
2609 6795 -2
4484 7253 10
4854 9150 -8
7502 8512 7
1385 1539 -5
7608 8121 7
4796 8013 -5
7078 7138 -3
1625 9779 -7
6692 7511 4
6861 9126 -9
3678 4236 6
6451 6747 10
4444 5495 4
2393 7292 1
2890 4980 -6
4192 4722 -8
3540 6782 2
2504 5173 -9
2787 3884 -9
3023 7953 1
1294 9535 -9
2235 4719 -6
4737 9131 -9
2825 3767 -5
7271 8328 6
2267 6923 0
1482 9851 2
2732 5445 -9
1202 1315 -2
6989 7855 -8
3306 4485 2
1966 3139 10
1367 8472 -6
313 9555 3
348 3914 -2
1617 4791 -2
70 9419 0
1633 2441 -9
6917 6932 9
560 5231 -7
1310 7300 -3
2248 8486 10
1253 3239 10
81 2752 -8
789 9520 -7
1617 3515 3
3601 4932 7
499 9272 1
1479 9292 3
165 387 -4
1402 2135 -5
3019 9388 -2
7367 8422 0
6350 9566 -8
2113 4627 8
756 6984 -4
4764 5455 9
1233 9532 10
4179 7654 -2
2243 9023 -6
1371 8828 -2
4044 5394 9
5197 6505 7
182 6748 8
1362 4844 -8
2106 7211 -3
356 5701 -9
1581 8149 5
7346 9158 -10
6559 8104 3
2653 5888 2
3022 7857 8
4732 9151 -9
418 6881 1
6857 9375 3
3000 4800 7
1813 4865 -5
4589 6362 -8
994 3630 1
757 5078 10
3147 4590 -1
789 5067 3
4659 7360 -5
2074 9595 -8
5978 7829 10
1629 7933 8
4236 5191 1
3027 9369 -1
6505 6857 -1
2163 2390 -9
7804 8925 -4
5200 8995 4
5614 6011 -8
6300 9951 7
2974 6324 -8
729 9976 7
1823 5439 -10
7262 8004 4
760 5799 4
1031 9560 -3
3650 6909 -6
305 9276 -3
401 5866 -1
8309 9591 4
3977 8844 -8
698 5186 1
4377 9309 -2
7415 9265 -8
3218 6577 -6
1721 6596 8
7817 8491 -3
3358 6737 6
6484 8841 -3
1439 7664 -5
1727 7951 0
3704 4750 10
318 1258 -1
1343 3266 6
5793 7266 -9
3574 7938 8
2272 2683 -6
712 7155 2
885 6180 9
599 2668 3
2910 8303 -8
3300 7289 -10
9 7678 -9
1535 3027 3
4044 6166 8
1321 1377 -3
1979 3598 -10
721 2959 -6
3076 4808 8
5220 5540 9
6052 8694 -2
932 2468 -4
4513 5827 -4
2791 6365 -3
4328 7093 -7
1712 4682 2
7741 9556 3
1019 8251 -2
6640 7409 7
6362 6641 -2
3664 7458 -7
7528 8774 -6
6697 9520 -9
3190 5818 9
6161 7145 7
5705 6902 6
6476 7157 4
2477 6965 2
407 8397 10
3345 3397 -10
6969 7584 -6
8707 9614 -1
4228 4647 10
988 9840 9
3786 4680 8
4591 5602 2
1073 3648 0
4481 4684 -5
3547 3611 9
1138 1562 -2
2117 5755 -9
128 5046 5
1045 6438 0
533 2471 -4
5716 8228 4
858 9092 -9
4766 5490 3
5696 9153 -2
2416 7628 2
5485 8066 7
3036 5881 3
2422 6247 6
4452 6728 7
5364 5561 1
5556 7043 -5
4618 9878 -3
1335 8873 2
6341 7907 -9
1610 5694 -5
8297 8439 -3
2539 7326 -1
1863 4828 4
625 7514 -4
5501 9062 10
4957 9344 -1
802 6918 7
295 1223 9
7929 9849 3
1899 3173 2
1888 3838 8
537 2971 10
5647 6672 3
1470 2767 -4
1241 7108 -7
8541 9293 5
8001 8562 1
4460 8165 6
7759 8391 1
6857 7765 9
1572 5932 -5
5487 7559 -5
6695 7437 -6
4078 5210 8
281 686 -2
1045 2214 8
5445 6430 -7
6746 7668 -1
880 3724 0
2639 4416 -1
753 6652 4
7825 8601 -1
4485 5076 3
5956 8037 -3
343 9414 9
3619 3878 4
983 8920 -3
1868 2403 9
2760 6777 -1
1408 8309 -5
99 5081 1
2658 5826 -5
156 8504 6
1853 4266 -2
435 4392 -8
2679 2996 -2
5485 7899 -2
3969 4521 -1
1209 1949 4
1754 8690 -9
5168 7963 -5
136 7628 4
4660 9399 4
553 8325 -7
3605 7362 6
3395 6735 -7
789 5829 0
3501 4681 -3
5661 5766 -5
8639 9204 7
5487 5730 -8
3006 4559 1
5418 7994 -8
3259 5413 1
1632 6863 -3
952 7104 0
3788 9555 2
4749 8015 6
4673 8371 -2
3239 5849 -5
435 1215 1
3991 6616 -8
8209 9098 0
2749 5427 -7
1568 9587 8
6079 8121 -9
1032 3048 0
6957 7227 7
295 5787 9
553 6460 -1
1630 7612 7
5482 6559 -1
3462 4173 7
7070 8681 2
5956 6329 -4
1048 3815 -9
3146 9269 -4
1687 7594 -8
2952 4974 -8
624 2584 -6
6145 6759 0
2781 3551 -5
5600 6587 4
4048 6633 5
1791 4798 7
4755 8152 -2
4822 6930 -7
1391 7308 -5
6414 8726 -4
6037 7607 5
3172 7722 -10
1424 4861 4
1293 3209 6
1245 3169 -2
1064 3157 4
4346 4871 -6
6079 7689 10
1566 2995 -4
106 4436 -7
1629 2377 8
1147 8524 2
9529 9545 9
4096 9046 9
5332 9746 -7
5067 8014 -7
133 4984 10
107 3763 -8
180 3604 2
1460 7034 -6
8734 9081 5
2827 7022 0
5522 6379 -10
2885 3091 -8
3093 6912 -1
1160 4643 -10
5250 9154 -8
5878 8494 -7
3068 6101 6
8700 9024 -3
5197 9822 0
1554 2324 -6
9399 9556 -2
2930 7299 2
424 9827 8
6075 7467 -8
2558 9642 5
3924 6925 -4
7418 8293 3
6607 7068 1
1825 7662 0
4433 6573 -5
3770 5555 5
5873 6020 -2
4071 7618 3
6385 7629 0
3442 6921 0
4535 8921 1
1133 7928 2
4841 5958 4
567 3761 -4
4782 6583 -8
4999 8238 -7
9243 9838 7
5634 9423 -6
5432 6319 3
7647 8008 -4
1626 3287 7
104 3707 1
2834 9029 7
222 5648 3
5702 9297 -1
2396 8654 -7
5352 5917 8
1649 2718 -3
4677 8488 10
2443 4305 -10
107 1008 2
8204 9624 -9
3542 9380 9
2528 8284 -9
1393 4189 3
4690 5803 3
742 1784 9
4034 4186 -10
3796 8595 -9
5312 9758 0
1270 5961 -10
2183 9943 2
710 7201 -10
2877 6339 1
3254 4074 8
3388 6289 -4
4449 6005 0
9110 9551 0
8361 9055 7
2051 8512 -6
1887 5371 -5
4427 9221 4
6855 8314 0
1573 3109 -7
9481 9723 1
3850 6765 -10
124 3842 -6
29 1704 9
843 905 4
3273 4883 8
4388 9903 6
5280 5380 3
454 4327 -7
580 1434 5
5444 9015 2
5004 6873 -6
5655 5788 8
7130 8145 -1
5567 9122 4
1730 2539 0
4441 9685 -3
3344 4799 -1
308 1011 -4
214 2953 8
1033 4942 -3
8735 9273 -3
2164 8100 5
6779 8332 -3
6301 7625 3
4534 5797 8
2169 6903 -4
1970 5382 0
1611 2331 -9
3718 4307 2
4938 8626 -9
2282 3173 6
3011 7749 7
172 9573 -9
3886 7454 1
3402 3469 -2
6184 6932 10
4424 6046 -5
2943 6647 5
153 1868 2
1339 7506 2
1684 1762 -3
8098 9453 -4
3967 4495 -1
5137 6104 -3
657 6883 10
2185 5985 -7
1829 3843 2
1984 8821 7
1520 9998 -7
4578 7043 -7
6752 8063 -9
4504 8900 -2
5376 7926 0
1686 9801 8
1225 7340 10
2173 3881 9
3442 6744 8
7292 9999 -8
4662 7945 -3
7093 7538 8
3785 9478 5
1268 4678 -8
4753 5848 -2
6268 6558 -5
2049 8132 -9
2150 7806 -6
1607 8839 8
4372 7554 -4
3618 3708 7
2075 4514 9
5331 6319 -1
2787 4305 4
1829 9297 10
5969 8067 5
340 7593 -8
5148 9501 -8
1598 6017 6
26 7137 2
2526 8736 -1
4583 8002 9
6538 7815 -10
2186 7993 4
4771 8876 3
4353 9227 8
6455 7817 9
732 6396 0
1833 4199 9
505 6354 10
6834 7993 -4
1284 8041 -3
5389 8251 6
6164 6707 1
3438 3633 0
5420 8504 -6
2768 8385 -9
3539 8640 5
3302 5695 5
4894 5456 10
84 9335 -9
1203 9401 -6
2728 3702 4
2846 9207 -1
2305 6674 -2
4942 8879 5
751 3004 5
3627 9921 2
2700 3640 -2
426 7494 -2
984 4258 3
7103 7336 9
2215 3482 4
2902 4269 -7
3051 5969 0
491 5408 -5
1868 4012 -9
3848 9102 7
2197 8160 -7
116 2987 -4
1307 2404 4
5152 8725 10
2642 5541 1
5833 5905 -5
1543 3089 0
5903 9676 -5
9263 9769 3
4240 6099 7
4644 6714 -8
3073 9785 8
6328 9410 -3
2750 7554 7
3033 8251 5
6731 7320 8
99 2296 2
1019 9441 -8
2003 8379 -7
4068 5620 4
4509 8740 4
413 7187 0
5681 7124 2
4365 5986 -10
2789 3875 6
2243 6182 4
4791 7406 0
1467 5924 -8
4577 6400 8
4272 4303 4
5992 7102 -7
831 7965 -6
2238 4117 -8
7622 8695 -3
6533 8917 -7
546 5995 0
3489 9326 -2
8403 9934 5
5351 6696 4
906 6158 -4
1238 4267 -9
2500 7420 -5
2317 5578 -9
2256 9912 -6
694 6238 2
224 8275 -6
3284 7465 2
669 6968 7
3753 7306 8
509 8673 9
4367 5479 2
5205 9467 -2
2187 8357 0
6674 9386 9
263 9700 0
2486 2762 -9
3339 4664 1
654 3843 9
1045 9735 3
5661 6714 -9
3033 9167 2
4980 6990 -9
549 8336 4
5964 7426 8
2305 6399 -1
6463 7518 -9
4539 7433 -10
4647 6063 6
6058 9913 7
27 2289 10
2467 4182 0
2759 7737 -10
411 4615 4
7599 8545 -8
1667 7130 -9
2944 5833 -8
3262 6408 8
2007 5249 10
1905 8499 -4
6701 8743 -6
3037 9816 8
3824 9558 10
2477 2691 5
2513 6549 3
5362 5901 -7
7795 8456 -7
978 9128 -7
6319 9172 2
706 7394 -9
2190 7027 3
7939 8357 6
3740 8103 9
5006 9271 0
2517 8096 -8
1748 2630 6
1140 6868 -8
3517 7536 7
4637 9782 -8
1263 6264 3
2971 7777 -6
3216 4018 -10
1631 9400 6
6334 8662 -4
4352 7849 9
919 4096 -6
1481 3225 -6
80 4752 10
4600 6373 -3
1487 4059 -6
3850 7193 3
3903 8102 -2
218 9152 -3
838 7405 9
2116 2918 6
6524 9087 -6
5167 9458 6
2085 4242 10
1218 2213 9
1243 6407 -8
2067 7608 -1
5983 6899 7
3794 8051 -10
1485 3954 2
3214 6344 -10
5146 7156 6
3401 9288 -3
638 8813 -3
8589 8973 -5
8900 9274 6
1251 6267 6
4855 8032 -9
927 9590 7
890 3552 4
471 9310 4
3647 3687 8
197 848 4
1601 6645 -6
1661 9814 9
416 5847 -2
7534 9453 9
4274 7232 9
1819 3606 -2
2202 6376 6
2253 2635 4
6032 8453 -7
9512 9923 10
1537 6108 0
1575 2199 -9
3039 9093 5
8576 9829 0
3905 5681 -9
8436 8623 -3
6470 8535 -2
4040 6134 3
6764 8115 -2
215 4895 -10
3437 3855 6
4423 6021 -9
1118 5077 0
4633 6239 -5
6906 9367 6
5189 8034 -2
4929 8632 3
4806 9056 7
2108 5672 -10
2852 8979 8
2460 7143 -9
5378 8315 -7
513 1592 2
1201 8494 -6
4447 7811 3
1434 6630 -5
2745 8178 -2
8277 8607 -4
2494 4166 2
4265 7505 9
2025 8383 -9
1918 6859 2
3406 5974 -3
7025 7602 6
1096 4801 3
7775 8625 9
191 8716 7
6312 9652 3
6013 8044 -5
1494 2187 -7
565 9860 -7
7268 7625 4
659 4540 -2
244 7330 0
5089 6118 6
5809 7985 -2
3189 8605 6
1024 3878 8
2658 8560 6
2478 4163 -5
1050 6002 -10
1996 4685 10
3980 9400 3
4672 5161 6
1523 5139 -9
4028 8882 9
4632 7828 -4
3873 9008 -9
7971 8276 -6
1064 2230 -4
5722 8245 -7
154 4898 -4
4642 6975 2
6611 7626 -1
1879 2708 2
1462 5803 8
5643 6789 -7
737 6710 1
1890 7821 -3
1213 3521 -6
2799 8535 8
299 1380 1
886 6015 6
5047 8866 10
4473 7468 4
2296 4573 8
724 9974 -1
670 4670 -2
3270 6207 -7
4068 9634 4
2861 5105 -9
3869 7847 -9
3830 4329 5
4519 8832 2
3371 6667 4
4612 5676 0
4844 9037 3
5296 6308 10
1837 3586 -7
1395 7591 -10
3804 9789 -9
67 5316 6
5663 8606 3
665 5988 -7
1720 3595 6
892 3672 9
2732 5633 -7
1290 6342 -10
9447 9868 -8
5042 8234 9
4974 6379 -3
1985 7770 4
4863 8906 1
1771 8372 0
8304 8807 -2
584 6939 -7
795 5316 -1
2086 3917 0
4396 6667 4
1181 3402 -10
17 741 -1
3268 5320 8
1590 7542 0
588 8815 8
7714 7809 -4
4514 9548 -2
121 4999 10
913 6131 -7
2759 4576 5
3507 9165 6
4765 8721 1
3853 4289 -10
2174 6366 4
1193 9648 -7
841 1761 2
1078 1216 10
6916 7542 -8
6696 7273 8
5622 6980 -9
5137 9532 9
7882 9464 -3
751 5022 6
3808 3994 -2
28 1100 -8
660 3937 -4
3181 9494 -10
3642 7525 -10
1889 9945 6
2863 4489 9
2720 6575 -1
5962 8482 -1
3453 9315 3
1782 9410 1
211 1895 -5
888 1994 -5
3918 6754 6
4616 8633 6
2874 9342 4
2492 7062 4
332 4894 10
629 6200 1
5317 7777 -1
1672 4699 -10
2070 9584 -6
1664 6910 -5
5622 6018 0
3510 6816 -7
641 9292 8
483 3522 7
1771 4678 2
1086 3821 2
7304 9236 3
7511 9449 -4
3885 5530 -2
9084 9834 1
1348 8516 -2
2510 5017 -4
1753 7927 -1
4306 5331 -6
73 734 -9
4467 7234 9
5129 7582 5
3123 4197 -4
4290 7192 9
5073 5323 2
3158 4792 4
5634 6788 -2
3244 4603 3
312 5711 1
1750 4331 2
133 3265 8
1460 6627 4
1727 9860 1
460 9667 -8
575 2149 -3
685 4007 -8
460 6369 2
739 8673 -1
1825 5822 3
5918 9701 10
2374 4603 2
2391 8219 -7
1414 3249 1
1600 3754 -8
5039 5186 6
3479 4362 -6
2428 9269 0
75 3525 5
1127 9163 9
5593 9415 8
1871 8943 -1
1868 4996 7
7897 8824 -8
1498 1936 1
4337 5933 -2
444 1850 -2
1520 9768 9
2986 9798 0
5356 8770 3
3438 9433 9
6756 7952 -2
1520 4929 0
8212 8835 -6
1433 8982 -3
605 9388 -5
235 6142 -6
6225 6366 -5
4071 5261 -9
4111 5068 -2
806 7837 10
3320 3901 9
4837 7832 -1
1414 8968 0
3478 9591 -7
9790 9829 4
59 5544 2
986 2291 -3
2104 6791 6
451 4985 3
4648 5458 6
5684 5984 9
4631 7175 0
2176 8653 -2
3493 7355 5
3979 7923 2
1310 2351 -6
6748 7166 -5
2149 5401 -3
959 8689 5
1476 2383 2
5329 8416 0
5052 7613 -2
3203 7064 6
1389 8422 -6
5740 7870 8
9505 9818 -1
2221 2653 1
6316 9723 -1
1685 8829 1
4223 4347 6
3094 4533 9
3765 3914 5
5941 8125 -4
2380 3320 7
3097 5441 3
1475 5163 -3
1497 8220 -2
1295 9837 -6
7376 9888 -4
1506 8534 9
2586 4062 -9
1930 3757 3
7891 8613 9
2801 7779 -2
4185 8414 -10
6827 8748 7
7841 8532 -2
1885 2559 2
2765 5647 -10
3124 6074 9
2671 3239 5
413 4706 5
6257 9794 4
4239 5352 7
4729 6262 -7
1737 5290 -1
3122 9676 -3
3490 9843 -6
1505 9513 2
1631 3173 4
2374 6664 -3
4268 8533 -10
1448 4549 -10
5979 6408 -4
611 6118 -6
1458 8880 6
7081 8865 3
3165 7279 -7
8005 9924 5
4935 5091 -10
293 704 4
8872 9509 -3
481 1578 4
874 4133 -6
682 1568 -7
1790 7632 4
2163 7914 7
2537 2871 -6
1681 5510 2
830 7510 5
984 5353 6
7293 8146 -5
2272 7412 -3
6485 7564 -3
562 3903 0
687 6378 6
1798 2797 -4
5147 6816 10
5805 6493 10
116 1867 -9
1971 9815 -10
7634 9873 10
709 7714 -10
334 4390 10
3116 5552 -10
8808 9609 -5
4006 8159 0
3407 5356 -4
3451 3556 -10
1613 2113 -5
1569 5045 10
2894 8514 0
2764 4841 4
1102 5430 -10
433 6992 9
4284 6828 9
6692 7224 6
7954 8013 6
8251 9548 -6
1876 5232 6
7178 9220 -10
5777 6021 -8
3127 4929 -1
6079 9886 1
2809 8146 7
1903 8224 -3
7879 9825 -9
1463 6491 9
2632 7201 -7
1076 6051 9
2000 8422 -2
3923 9823 7
3994 9209 -2
6132 9632 0
2460 3419 -4
5660 7458 -2
3566 8619 6
7370 7669 -3
4388 8956 -1
4254 6661 -1
2903 5831 1
5113 5339 -3
2376 8529 9
3575 9756 -6
20 8292 -2
4221 4943 -6
9003 9453 -4
2478 8805 -9
1481 2874 10
487 6037 -7
7210 9522 0
652 3401 -5
2846 5296 -3
4424 5122 1
4579 6228 -9
1788 5734 8
3870 7574 2
4574 5475 9
3665 8108 7
3318 6423 1
2558 3437 -5
4413 4673 -4
5340 5359 -9
3296 6929 9
5818 8021 2
8538 9703 4
3048 4240 -8
5699 7512 4
5063 8613 10
8142 9739 4
2116 7792 -5
1452 6580 6
6789 7291 4
1461 3776 4
122 3212 -1
1693 2850 4
4632 6031 7
7746 8118 5
137 2554 -1
1835 9844 0
881 4778 -10
4923 7592 -7
1350 7880 -5
5966 6845 -6
3452 3511 2
252 963 -1
1912 7998 -4
8061 9670 -7
1393 1920 -6
5622 5723 -2
7350 8383 7
3784 5449 -2
3783 6765 4
7040 9389 -5
7220 9585 5
3875 5716 5
501 6628 -5
673 6734 -6
8367 9304 5
2841 5608 9
7259 8115 -1
2601 3003 6
3945 9832 5
2124 6047 -8
2477 4365 8
1100 9925 2
4456 9639 4
52 236 10
5553 5894 -5
5246 9529 -6
8125 8644 -3
1746 8087 -9
4637 4955 2
5728 6420 3
7497 7763 8
739 4586 -3
6497 6602 9
8837 8966 3
94 2304 8
1523 9735 7
1423 9419 4
944 8747 -7
1028 8215 6
2760 8136 -10
2032 6494 2
869 8982 1
3062 9978 8
669 5393 4
3555 9273 5
3208 4848 3
412 8477 7
714 7387 0
6356 7651 -7
1051 7826 4
2118 8897 -5
5636 8673 -3
3563 8459 -1
937 9381 8
5171 9476 6
6746 8739 8
2663 5844 -1
1134 9666 8
418 9496 -2
1674 7136 8
3920 5206 -6
31 4620 5
264 770 -10
718 977 -9
1409 9196 4
5791 7994 6
646 1217 -5
863 9437 -3
1059 7951 -10
6348 8851 -5
2630 4620 1
5575 7732 7
5283 9430 7
4657 6258 -2
214 2117 10
573 2544 3
2374 7403 -10
466 4404 3
6398 6722 6
4240 8270 2
2704 3602 -7
2840 6501 10
4762 4968 6
4342 8583 -8
4936 8010 6
1270 6270 6
5877 9759 8
4555 9630 8
209 1895 -2
1224 9946 6
1227 7391 9
2349 4951 6
3624 3873 -10
2801 8495 9
1419 9547 -9
161 506 9
3993 8694 -3
155 5716 3
5402 7516 0
987 8312 9
4614 6912 -6
8268 8269 -6
5896 9894 1
2115 5952 9
118 8537 -4
2609 7427 0
3180 9165 -2
6694 8562 -10
6026 6971 -5
2878 5974 8
82 6485 -7
5872 7178 6
5036 9795 3
618 5827 10
1740 6456 -9
395 7884 9
1595 8173 3
3979 9820 -1
2723 4532 4
5256 6271 -10
4040 9421 -8
2487 8834 4
8597 9203 5
1490 2903 -2
5762 7391 -2
413 2196 4
3725 8857 -8
2092 9244 4
173 5970 0
1913 9767 10
334 1723 9
454 5840 0
2801 9146 3
14 4256 0
147 9624 9
2815 7015 -1
559 1841 -6
6103 9935 3
997 4138 -5
6171 8269 3
2006 7599 8
2953 5344 -2
1146 2311 -7
1326 2507 9
711 1071 8
5817 8531 8
2369 6110 -6
1236 7574 -3
6039 6774 -6
5339 6017 3
531 1226 -8
790 9851 -7
445 4829 -5
1139 3211 -4
4048 4563 2
5234 8969 -10
7199 9241 10
2353 4072 0
3589 4772 4
1920 9374 6
8248 9477 5
7112 9438 -10
2222 6972 1
5209 8652 6
7002 8403 1
858 1476 6
614 7123 9
2524 7273 -3
1506 3763 -1
4460 4629 10
2893 4287 -9
4093 4198 -2
3155 6093 5
4993 7078 1
1772 4785 2
1171 1972 -9
2684 4558 -1
4220 5550 -10
3990 6894 1
5181 7543 -3
849 2824 1
899 3170 -6
4121 7234 5
8043 9574 -3
6221 7056 4
915 4612 7
1823 2917 -7
2864 5019 -10
3053 9910 3
6931 9138 -9
1154 6843 10
1842 6988 -10
3889 7930 7
683 2648 -7
5718 7338 2
393 8853 1
1812 3173 -8
4461 6664 -2
9615 9734 -2
1367 8564 -9
4628 7595 10
2155 9254 -6
2254 2731 5
2733 4535 1
520 7087 -3
4748 6056 1
3316 7516 4
3588 7938 3
6182 6426 4
3176 6044 8
750 1362 9
5942 6710 0
1511 1869 6
95 3008 -10
2855 5729 3
160 3891 -9
1424 8811 -2
5099 9962 1
96 120 -5
1008 4137 -6
1613 8826 -9
3839 8050 1
609 2182 6
6418 6495 7
4462 7949 -3
8304 8423 8
3356 5458 1
3004 4890 0
7876 9065 3
4926 9481 -8
6881 9294 10
4561 9239 -10
4847 6484 8
1472 7431 10
6354 7678 10
1705 9439 -1
2135 3165 7
553 6981 1
884 7526 -6
961 4857 8
4254 6055 4
8784 9935 -3
780 2450 -2
1184 9444 8
4759 9754 7
1368 3374 8
3778 9509 5
3681 5784 5
77 9123 -10
7057 9906 7
2442 9445 0
1766 2746 2
5043 7792 1
5612 9032 -6
2152 6079 -7
2585 4655 -3
3810 5785 -5
2205 6091 6
5163 7070 -5
168 5305 6
7344 7720 7
4525 6819 -9
4642 6172 -10
5715 9389 -2
5271 9641 9
4239 6987 2
4119 9020 -5
2623 9004 2
160 462 -3
548 7926 9
807 3836 3
3779 9366 -9
2508 6393 8
6015 6648 5
6219 6298 7
6638 6776 -5
3338 9852 8
4564 4797 -2
1331 4516 0
2462 6017 -3
3249 9631 9
645 3285 4
8370 9140 -5
2256 6177 -7
217 480 1
2639 4783 4
1001 5400 7
1530 4581 -6
939 6657 5
342 2466 -10
1278 7780 4
1446 2552 -6
3780 7954 -9
767 3512 6
378 8426 -3
75 6439 -2
5497 9552 6
1996 2812 6
1916 8036 -8
3663 4702 7
2700 3831 -3
6588 7719 -2
2814 4756 9
384 5882 -4
817 1154 3
6844 8170 0
4728 8552 -7
495 8193 -3
1893 5837 5
2249 9822 2
1224 6124 1
2104 2759 -4
2953 4133 -9
2789 9952 -6
7618 8121 -10
2532 4777 -3
5755 6671 10
4594 7542 10
1463 5960 -1
301 2177 8
5352 7629 6
7979 9906 9
586 3212 -7
892 7456 5
2604 9726 6
2467 6719 -4
4338 6947 3
1085 4473 0
5492 7645 -3
333 5134 3
573 2226 -8
4773 7778 6
8739 9630 6
1282 1640 -5
2517 8562 -3
3948 8189 -2
1807 2773 2
4824 8268 -9
1003 1550 -6
5269 5766 2
5832 9290 -2
7147 9151 0
757 9073 0
5206 9093 -7
1833 6474 -8
1179 4781 10
1201 1422 -8
2182 9480 -9
7962 9974 -2
241 3186 -5
4662 6634 7
331 9904 -9
2817 6464 9
2142 3931 10
6056 8625 10
4773 6767 -8
7097 8512 -10
960 5911 0
310 7715 -5
2960 5726 10
944 2785 -4
4540 6236 -7
1996 9326 5
7690 9780 5
4162 8419 -2
1048 4303 0
1493 4833 -6
1511 7182 1
336 799 6
2890 9688 7
6183 8851 0
4783 5468 -8
1788 8622 -4
1360 8361 4
1434 4109 -1
7306 9116 -1
5932 9089 8
7283 8495 -9
9231 9315 10
5689 6738 2
3290 4145 8
3318 6867 6
7105 9620 2
1621 3526 9
1771 3996 -7
5567 8704 -4
7738 7992 -10
791 8060 -1
553 4216 -10
1638 6355 1
2276 4168 -4
2869 5994 -9
2677 3429 4
2981 3920 1
115 8042 4
8520 9833 -1
590 7252 -6
2534 6498 3
471 5840 10
2277 2555 -3
397 7877 0
3237 8721 5
3834 6725 6
1401 8254 1
3847 8793 -4
1466 2084 5
2786 4504 -8
1107 3463 -8
5032 5692 -9
6940 9036 -6
2961 6836 -2
2409 5865 -5
2760 4631 -7
5605 7768 4
3058 4962 -4
4935 7416 -7
3401 3724 -7
2124 8176 0
141 4658 -2
284 5232 -1
3943 9111 5
921 6161 -4
6648 8864 -1
2210 9002 -4
9223 9962 -10
5555 9524 -2
2170 2550 -10
6255 7657 6
916 4096 -8
2283 7531 9
403 4514 -7
950 1794 7
4544 8619 10
5419 7879 3
3030 7874 3
1067 4185 -4
5993 7248 0
346 9758 2
714 7939 8
3701 4137 2
4538 4603 5
2460 4082 6
5370 8697 -8
9074 9466 2
1013 3247 4
873 8228 1
5353 6658 6
2847 9186 -10
5949 8718 -3
3971 5166 2
3704 9252 -10
5271 9477 -3
2428 6987 -5
2248 8368 3
6281 8181 -9
458 9037 -1
5927 7832 1
760 8701 -10
4823 4893 -4
8475 9816 -1
1130 1967 -4
670 7724 -7
590 1199 1
1568 4444 -8
4421 5078 1
4144 8476 -2
8307 9185 -2
1805 8966 -6
6848 7101 -2
3748 9070 -7
3351 6890 4
1543 5439 9
2620 6820 6
4718 6124 7
3 5725 0
4094 5097 -3
7605 8886 -10
4389 7117 5
163 1513 -5
1545 7700 -9
3864 9101 -6
8226 8824 2
575 1457 -6
6703 9837 5
4366 6724 -5
415 5260 6
76 461 -2
2644 8202 -7
403 9078 9
6231 6351 2
6412 7329 10
4867 9486 -9
13 1201 8
2363 3838 -8
2022 9695 5
2673 3277 -8
2457 8869 -3
2339 6290 -3
8205 9151 8
192 1697 -2
1205 4634 -8
1072 9703 -10
1108 4027 0
8547 9296 0
7621 8313 -3
3967 6727 0
760 8799 -2
4651 5553 -10
2632 7445 3
3288 3549 4
3472 9228 -8
170 5995 8
6144 8947 -3
2482 8669 -2
1157 3516 1
5521 8267 -8
2369 3773 8
1172 8105 1
1442 2596 2
864 5774 8
4482 9801 -1
1517 9600 -8
4528 7782 3
5491 7112 10
7390 7927 -6
5233 5276 -1
552 2618 8
2361 3805 10
4139 8272 4
7029 8293 0
3440 7102 4
5304 6239 -9
3538 6176 -7
2882 7040 2
4068 8477 -5
2106 2352 -5
8654 9628 -9
8522 9329 -10
2060 3813 6
1137 8497 -5
1561 4660 -4
3784 5307 0
5270 9071 4
7247 8228 -7
8679 9986 -6
59 8356 -6
5999 6062 -5
831 6212 7
6420 9353 5
3816 8377 10
1627 2390 5
5081 9055 2
1916 3396 -7
5787 8543 0
2834 9628 2
3802 8213 -3
7010 9978 3
2159 2665 2
3748 9145 -2
1455 6713 8
3492 8136 -7
1010 7940 0
6783 8767 0
2775 6540 5
4507 8639 -3
1806 8139 6
2668 9861 5
4039 6319 8
1568 3472 7
6455 7510 -7
475 6958 -8
2150 4093 10
6872 9784 -4
2273 8773 5
3215 6323 6
2029 5789 1
4319 8853 -9
4329 8080 -8
17 2473 6
4025 7180 -10
220 437 6
1616 5656 -7
3729 4823 0
178 4641 8
6233 7289 2
3009 6748 3
7869 9600 4
193 6081 -8
2598 3358 3
1681 7033 -5
4114 9625 -4
976 9087 10
4920 5179 0
7134 9267 4
6032 6252 9
6741 8927 5
7026 7339 8
7731 8174 -5
3627 4811 -5
5583 8232 -4
6377 8916 -9
384 6817 -5
2034 8734 10
329 9770 1
7367 9066 2
322 9731 -4
775 6967 -5
1840 5076 4
3851 6361 -1
1402 5259 -1
3624 5187 8
712 9013 0
911 7273 -7
1758 7258 -10
9352 9804 3
1070 2305 -4
445 9801 -3
7770 8287 4
6492 7670 -5
5687 7651 7
767 8540 8
7720 9369 -5
5170 7132 6
6092 6653 7
463 8543 -1
694 4763 8
6534 8426 -5
1719 3739 4
2619 8871 7
2203 4526 -5
4854 9784 7
1043 3376 -3
1521 3000 -1
7555 9009 7
5704 9811 7
9396 9474 -2
4124 9121 -6
5875 6166 4
547 665 -5
2439 6725 -1
188 1141 -9
2744 5115 -7
4192 9292 -5
6565 8535 6
9093 9701 6
2426 3902 7
3938 7426 6
8071 8601 1
729 7502 8
7866 9135 -8
4419 6530 10
6037 6429 3
5819 9913 -1
121 9080 -8
4104 5243 1
18 8164 1
7856 9350 -3
1991 4090 2
1617 9770 -6
4453 8249 9
846 3477 4
3401 5909 -5
2945 9979 -2
2143 7076 3
2348 6691 -9
5250 6723 9
2467 8485 4
1732 2932 1
2857 3307 -10
9181 9935 5
5714 9487 -7
3108 7727 8
3575 8282 -1
2936 7917 -9
299 8039 -6
6709 9603 9
2952 8648 -4
1751 9446 -5
3442 9329 1
8047 9188 6
4834 9639 9
8664 9910 3
267 8617 -4
4223 8173 -1
577 2915 -3
2590 6345 -3
7385 7756 -1
4729 8161 -9
3889 3983 -8
5297 8273 6
2935 9354 -3
1933 5294 -3
2063 7884 8
1600 6811 5
7930 8266 -7
4941 9657 7
6329 7782 9
1522 5659 -8
5486 8145 -3
973 6420 -3
936 4961 -3
5316 9311 3
7519 7728 -2
6938 7337 -1
623 6270 1
9293 9335 4
485 9720 3
5077 6405 5
3106 8045 1
1029 2119 1
1283 1886 -3
394 1608 -4
2633 9024 0
8546 9931 0
7693 9606 4
5538 8722 3
3814 7493 -8
2249 4488 -9
240 6919 3
3158 8091 -7
2012 2675 2
885 9546 -7
623 1058 -4
4481 8567 3
1185 8675 9
961 2631 -4
6944 8292 -7
3325 9516 10
6564 6759 -9
5621 8347 9
297 4457 -5
942 1040 -9
4814 7464 -3
4052 7666 4
7359 8799 -1
2354 5529 -8
1688 4536 -3
